dt,switch,src,dst,pktcount,bytecount,dur,dur_nsec,tot_dur,flows,packetins,pktperflow,byteperflow,pktrate,Pairflow,Protocol,port_no,tx_bytes,rx_bytes,tx_kbps,rx_kbps,tot_kbps,label
2488,1,0,0,0,0,0,0,0,2,4,0,0,0,0,1,ICMP,1,2668,856,0,0,0,1
42005,7,260006,147128002,1881,999000000,1880000000000,12,8803,18898,14953872,629,1,5,UDP,2,1269981973,990596183,20580,16577,20580,0
35837,4,812,1463,124,164524,168,636000000,168000000000.0,3,1907,9606,838772,355,1,TCP,4,1636,1830,0,0.0,0.0,0
13233,3,27,8,313,134048,272,836000000,272000000000.0,6,2741,8282,675112,377,1,ICMP,3,890,1290,0,0.0,0.0,1
25595,6,735,16,68,81696,125,384000000,125000000000.0,8,4134,8382,102096,289,1,UDP,2,1707,1814,0,0.0,0.0,1
23254,2,14,17,8,1136,22,82000000,22000000000.0,2,1946,4,568,0,0,TCP,5,34,45,0,0.0,0.0,1
17681,5,13,11,19,2088,29,42000000,29000000000.0,4,2255,4,520,0,0,ICMP,1,45,56,0,0.0,0.0,0
14814,4,17,7,27,3168,37,82000000,37000000000.0,3,4383,9,1056,0,0,UDP,2,58,69,0,0.0,0.0,1
...
...
...
38124,7,11,15,4,480,8,32000000,8000000000.0,2,1853,2,240,0,0,TCP,4,23,34,0,0.0,0.0,0
14403,2,7,9,20,2400,25,60000000,25000000000.0,2,4100,10,1200,0,0,ICMP,3,56,67,0,0.0,0.0,1
23402,6,14,11,17,2048,26,60000000,26000000000.0,3,2871,5,640,0,0,UDP,1,47,58,0,0.0,0.0,1
12556,3,9,7,13,1536,19,42000000,19000000000.0,2,4433,6,768,0,0,TCP,5,34,45,0,0.0,0.0,1
