dt,switch,src,dst,pktcount,bytecount,dur,dur_nsec,tot_dur,flows,packetins,pktperflow,byteperflow,pktrate,Pairflow,Protocol,port_no,tx_bytes,rx_bytes,tx_kbps,rx_kbps,tot_kbps,label
2488,1,0,0,0,0,0,0,0,2,4,0,0,0,0,1,ICMP,3,406877189,135956909,0,0,0,0
6492,3,704,69776,123,246000000,123000000000,3,1931,29,2842,0,0,1,TCP,1,55031287,2165698,0,0,0,0
11515,4,34597,14782222,257,428000000,257000000000,5,2385,8012,663228,267,1,2,UDP,2,3590,3842,0,0,0,0
29832,5,91478,85599258,435,728000000,436000000000,7,4357,10255,9853152,341,1,3,ICMP,4,270309525,135566057,1122,0,1122,1
42005,7,260006,147128002,1881,999000000,1880000000000,12,8803,18898,14953872,629,1,5,TCP,1,3598,1172,0,0,0,1
13005,3,1734,185058,84,147000000,84100000000,4,3255,39,3750,0,0,0,UDP,2,4137,91947776,0,2571,2571,1
15956,1,0,0,0,0,0,0,0,2,3,0,0,0,0,1,ICMP,3,406877189,135956909,0,0,0,1
27975,7,12949,169064,134,253000000,134100000000,4,3255,40,3860,0,0,1,TCP,1,55031287,2165698,0,0,0,1
34897,2,1137,124544,105,207000000,105100000000,3,1931,30,2950,0,0,1,UDP,2,3590,3842,0,0,0,1
40282,4,34597,14782222,257,428000000,257000000000,5,2385,8012,663228,267,1,2,ICMP,4,270309525,135566057,1122,0,1122,0
44587,2,1137,124544,105,207000000,105100000000,3,1931,30,2950,0,0,1,TCP,1,3598,1172,0,0,0,0
49692,5,91478,85599258,435,728000000,436000000000,7,4357,10255,9853152,341,1,3,UDP,2,4137,91947776,0,2571,2571,1
55587,3,1734,185058,84,147000000,84100000000,4,3255,39,3750,0,0,0,ICMP,3,406877189,135956909,0,0,0,0
61382,1,0,0,0,0,0,0,0,2,4,0,0,0,0,1,TCP,1,55031287,2165698,0,0,0,1
65587,7,12949,169064,134,253000000,134100000000,4,3255,40,3860,0,0,1,UDP,2,3590,3842,0,0,0,1
71682,2,1137,124544,105,207000000,105100000000,3,1931,30,2950,0,0,1,ICMP,4,270309525,135566057,1122,0,1122,1
77477,4,34597,14782222,257,428000000,257000000000,5,2385,8012,663228,267,1,2,TCP,1,3598,1172,0,0,0,1
83582,5,91478,85599258,435,728000000,436000000000,7,4357,10255,9853152,341,1,3,UDP,2,4137,91947776,0,2571,2571,0
89477,3,1734,185058,84,147000000,84100000000,4,3255,39,3750,0,0,0,ICMP,3,406877189,135956909,0,0,0,1
95372,1,0,0,0,0,0,0,0,2,3,0,0,0,0,1,TCP,1,55031287,2165698,0,0,0,0
100477,7,12949,169064,134,253000000,134100000000,4,3255,40,3860,0,0,1,UDP,2,3590,3842,0,0,0,1
106372,2,1137,124544,105,207000000,105100000000,3,1931,30,2950,0,0,1,ICMP,4,270309525,135566057,1122,0,1122,0
112267,4,34597,14782222,257,428000000,257000000000,5,2385,8012,663228,267,1,2,TCP,1,3598,1172,0,0,0,1
118172,5,91478,85599258,435,728000000,436000000000,7,4357,10255,9853152,341,1,3,UDP,2,4137,91947776,0,2571,2571,1
124067,3,1734,185058,84,147000000,84100000000,4,3255,39,3750,0,0,0,ICMP,3,406877189,135956909,0,0,0,1
129962,1,0,0,0,0,0,0,0,2,4,0,0,0,0,1,TCP,1,55031287,2165698,0,0,0,1
135067,7,12949,169064,134,253000000,134100000000,4,3255,40,3860,0,0,1,UDP,2,3590,3842,0,0,0,1
140962,2,1137,124544,105,207000000,105100000000,3,1931,30,2950,0,0,1,ICMP,4,270309525,135566057,1122,0,1122,1
146857,4,34597,14782222,257,428000000,257000000000,5,2385,8012,663228,267,1,2,TCP,1,3598,1172,0,0,0,0
152752,5,91478,85599258,435,728000000,436000000000,7,4357,10255,9853152,341,1,3,UDP,2,4137,91947776,0,2571,2571,1
158647,3,1734,185058,84,147000000,84100000000,4,3255,39,3750,0,0,0,ICMP,3,406877189,135956909,0,0,0,1
164542,1,0,0,0,0,0,0,0,2,3,0,0,0,0,1,TCP,1,55031287,2165698,0,0,0,1
170547,7,12949,169064,134,253000000,134100000000,4,3255,40,3860,0,0,1,UDP,2,3590,3842,0,0,0,1
176442,2,1137,124544,105,207000000,105100000000,3,1931,30,2950,0,0,1,ICMP,4,270309525,135566057,1122,0,1122,1
182337,4,34597,14782222,257,428000000,257000000000,5,2385,8012,663228,267,1,2,TCP,1,3598,1172,0,0,0,1
188242,5,91478,85599258,435,728000000,436000000000,7,4357,10255,9853152,341,1,3,UDP,2,4137,91947776,0,2571,2571,0
194137,3,1734,185058,84,147000000,84100000000,4,3255,39,3750,0,0,0,ICMP,3,406877189,135956909,0,0,0,1
200032,1,0,0,0,0,0,0,0,2,4,0,0,0,0,1,TCP,1,55031287,2165698,0,0,0,0
205937,7,12949,169064,134,253000000,134100000000,4,3255,40,3860,0,0,1,UDP,2,3590,3842,0,0,0,1
211832,