pktcount, bytecount, dur, flows, Protocol, tot_kbps, label
63590, 66260780, 203, 4, UDP, 0.0, 1
370, 36260, 379, 13, ICMP, 10348.0, 0
32394, 46536907, 189, 19, UDP, 78.0, 1
43133, 83313122, 333, 24, ICMP, 976.0, 0
61761, 49591978, 50, 2, ICMP, 0.0, 1
88739, 36564725, 510, 11, UDP, 10.0, 0
81899, 73320228, 177, 18, ICMP, 79.0, 1
57886, 26295756, 243, 8, ICMP, 485.0, 0
5180, 2997201, 436, 7, UDP, 12983.0, 1
74043, 21556328, 73, 10, ICMP, 0.0, 0
94467, 72158932, 325, 2, ICMP, 45.0, 1
33669, 53462551, 473, 15, UDP, 18.0, 0
10963, 46818287, 3, 8, ICMP, 464.0, 0
5896, 59103545, 256, 25, UDP, 1690.0, 1
92247, 46790590, 55, 12, ICMP, 1232.0,0
69528, 96329616, 241, 4, ICMP, 0.0, 1
44412, 4654301, 470, 4, UDP, 419.0, 0
26476, 8303752, 171, 23, ICMP, 896.0, 1
68543, 22585016, 531, 21, UDP, 9866.0, 0
87093, 19776870, 193, 5, ICMP, 4.0, 1
20266, 41386167, 38, 12, UDP, 612.0, 0
56233, 72399019, 187, 5, ICMP, 958.0, 1
14789, 46319952, 79, 23, UDP, 5482.0, 0
32220, 49599782, 93, 7, ICMP, 0.0, 1
62980, 35342504, 74, 11, UDP, 512.0, 0
71544, 44719406, 337, 25, ICMP, 263.0, 1
4888, 75623090, 134, 17, UDP, 375.0, 0
60797, 20294195, 115, 2, ICMP, 65.0, 1
81505, 61229048, 334, 19, UDP, 841.0, 0
27210, 89504413, 221, 14, ICMP, 4387.0, 1
84350, 97976737, 356, 6, UDP, 115.0, 0
58815, 77216607, 276, 21, ICMP, 4861.0, 1
88294, 5757776, 87, 10, UDP, 773.0, 0
87011, 42945479, 265, 13, ICMP, 570.0, 1
70184, 1925641, 197, 23, UDP, 87.0, 0
4938, 5188422, 246, 6, ICMP, 109.0, 1
22520, 72100752, 408, 4, UDP, 719.0, 0
81672, 96395372, 101, 12, ICMP, 15.0, 1
94766, 9823853, 229, 25, UDP, 21.0, 0
84967, 53426226, 314, 5, ICMP, 90.0, 1
17102, 15488157, 464, 18, UDP, 167.0, 0
60510, 94026521, 375, 20, ICMP, 452.0, 1
83008, 1709073, 34, 9, UDP, 16.0, 0
54142, 64204537, 211, 19, ICMP, 479.0, 1
90568, 22392558, 327, 11, UDP, 8 0.0, 0
15336, 51450759, 362, 14, ICMP, 284.0, 1
77225, 60620299, 84, 15, UDP, 192.0, 0
45301, 56783760, 394, 25, ICMP, 1230.0, 1
95150, 32104214, 308, 6, UDP, 147.0, 0
81420, 88605749, 507, 21, ICMP, 753.0, 1
52450, 82275568, 165, 6, UDP, 490.0, 0
97108, 81113055, 142, 14, ICMP, 70.0, 1
23825, 57962902, 142, 9, UDP, 98.0, 0
15839, 43082210, 56, 23, ICMP, 1980.0, 1
45337, 93222207, 401, 11, UDP, 1840.0, 0
2230, 6572836, 192, 25, ICMP, 6865.0, 1
52372, 95460919, 469, 2, UDP, 1300.0, 0
56893, 59150367, 188, 5, ICMP, 866.0, 1
75460, 96514007, 287, 16, UDP, 11.0, 0
26342, 84606134, 501, 17, ICMP, 98.0, 1
32613, 19588273, 117, 12, UDP, 6730.0, 0
35652, 6120161, 439, 8, ICMP, 2136.0, 1
72386, 65104247, 138, 21, UDP, 63.0, 0
65914, 98270013, 172, 22, ICMP, 474.0, 1
76343, 54216662, 393, 16, UDP, 167.0, 0
25193, 2752449, 200, 24, ICMP, 17.0, 1
43728, 61151504, 457, 5, UDP, 786.0, 0
99469, 39756846, 230, 17, ICMP, 4626.0, 1
37271, 4755694, 466, 24, UDP, 719.0, 0
32395, 8531223, 3, 16, ICMP, 6530.0, 1
93775, 21904830, 250, 8, UDP, 233.0, 0
29862, 89884126, 133, 10, ICMP, 104.0, 1
14168, 46753102, 6, 11, UDP, 764.0, 0
50191, 2039967, 409, 7, ICMP, 800.0, 1
16947, 44522603, 437, 15, UDP, 7.0, 0
40853, 35080098, 144, 23, ICMP, 5.0, 1
47853, 41897933, 142, 6, UDP, 147.0, 0
35621, 46859884, 382, 9, ICMP, 1174.0, 1
81922, 48756872, 34, 17, UDP, 167.0, 0
14176, 62212735, 475, 22, ICMP, 54.0, 1
10241, 60883689, 474, 10, UDP, 0.0, 0
35323, 93137591, 184, 25, ICMP, 599.0, 1
7552, 76968021, 20, 8, UDP, 11.0, 0
31954, 11469993, 457, 16, ICMP, 7.0, 1
66185, 10253677, 473, 7, UDP, 11196.0, 0
14101, 56178295, 240, 2, ICMP, 462.0, 1
37301, 48265654, 22, 14, UDP, 559.0, 0
63842, 70397647, 181, 5, ICMP, 303.0, 1
68722, 2884270, 25, 16, UDP, 226.0, 0
18491, 95431445, 80, 9, ICMP, 119.0, 1
60979, 59072573, 118, 18, UDP, 1912.0, 0
45354, 52588896, 283, 25, ICMP, 4985.0, 1
6071, 86373656, 66, 14, UDP, 312.0, 0
31295, 59575431, 335, 8, ICMP, 476.0, 1
96887, 53681355, 76, 12, UDP, 1234.0, 0
74296, 47914041, 112, 10, ICMP, 1.0, 1
47590, 30072842, 236, 17, UDP, 714.0, 0
46899, 20376945, 473, 4, ICMP, 362.0, 1
50595, 77124894, 482, 23, UDP, 37.0, 0
37128, 68161056, 411, 11, ICMP, 0.0, 1
66290, 88479912, 349, 13, UDP, 1917.0, 0
53903, 66784314, 32, 25, ICMP, 5980.0, 1
66322, 73441005, 466, 8, UDP, 18.0, 0
38993, 24830067, 483, 22, ICMP, 4127.0, 1
88504, 35323795, 45, 23, UDP, 348.0, 0
28638, 31265996, 281, 20, ICMP, 82.0, 1
48290, 31764353, 479, 14, UDP, 1354.0, 0
92965, 79959310, 505, 17, ICMP, 357.0, 1
41260, 51167274, 9, 15, UDP, 14.0, 0
74739, 4399175, 130, 13, ICMP, 4291.0, 1
56381, 83617658, 386, 10, UDP, 1458.0, 0
43917, 69250001, 47, 21, ICMP, 4191.0, 1
21128, 66052220, 64, 9, UDP, 1818.0, 0
41379, 89181767, 161, 25, ICMP, 896.0, 1
20740, 12111877, 35, 7, UDP, 183.0, 0
60501, 12390859, 17, 17, ICMP, 482.0, 1
25993, 88941570, 161, 19, UDP, 13367.0, 0
56896, 8271090, 115, 4, ICMP, 5.0, 1
39966, 61603919, 39, 15, UDP, 12093.0, 0
48117, 17584945, 307, 21, ICMP, 4239.0, 1
92496, 18459682, 247, 11, UDP, 12.0, 0
75999, 24196287, 221, 20, ICMP, 64.0, 1
6035, 89814122, 274, 10, UDP, 1882.0, 0
20725, 34800608, 100, 7, ICMP, 107.0, 1
93528, 7455338, 5, 9, UDP, 975.0, 0
91269, 37254656, 94, 16, ICMP, 1671.0, 1
5959, 7465027, 114, 24, UDP, 0.0, 0
47012, 74078361, 184, 2, ICMP, 395.0, 1
80506, 39148445, 164, 14, UDP, 215.0, 0
52717, 19007674, 215, 25, ICMP, 5664.0, 1
244, 23912, 251, 5, ICMP, 4.0, 0
76799, 81867734, 170, 3, UDP, 0.0, 0
57973, 76083, 198, 4, TCP, 3.5, 1
73947, 83820240, 187, 2, ICMP, 3.0, 0
97000, 80397708, 230, 9, ICMP, 1.0, 0
67600, 91676071, 224, 6, UDP, 2.5, 0
25424, 51814892, 144, 4, UDP, 3.5, 1
95969, 99797524, 218, 2, TCP, 2.0, 0
41164, 24775460, 137, 5, UDP, 4.0, 0
5301, 526544, 72, 8, TCP, 0.5, 1
69517, 34113281, 147, 1, UDP, 4.5, 0
32122, 3159940, 133, 0, UDP, 1.5, 1
10025, 28273312, 188, 9, ICMP, 4.5, 1
16164, 83118638, 173, 8, ICMP, 1.0, 0
32356, 79956242, 125, 4, ICMP, 3.0, 1
80368, 919326, 214, 5, ICMP, 4.0, 0
61339, 35991617, 124, 6, TCP, 5.0, 0
24541, 96536668, 203, 2, UDP, 2.5, 0
10219, 34408688, 223, 7, TCP, 1.5, 0
46408, 14023619, 166, 9, UDP, 0.0, 0
94462, 6179385, 155, 0, TCP, 5.5, 1
25320, 23241588, 241, 7, TCP, 1.0, 0
43330, 37972002, 186, 4, ICMP, 3.5, 0
45223, 65883140, 167, 8, TCP, 5.0, 1
21634, 89677658, 182, 8, UDP, 4.5, 0
62611, 59733719, 242, 5, UDP, 4.0, 1
98554, 495355, 226, 2, UDP, 3.5, 0
25065, 6257976, 151, 0, ICMP, 4.5, 1
16970, 46004391, 211, 5, ICMP, 5.0, 0
14048, 68510950, 135, 7, TCP, 0.5, 0
22817, 72504620, 192, 6, ICMP, 5.5, 1
2032, 23025112, 231, 5, TCP, 3.5, 0
99916, 96059278, 191, 9, UDP, 0.5, 1
19098, 84559130, 246, 1, TCP, 5.0, 1
72920, 29574357, 145, 3, TCP, 2.0, 0
46295, 60798349, 243, 0, ICMP, 0.0, 0
18874, 92203887, 175, 8, ICMP, 3.0, 0
91455, 37536835, 241, 3, UDP, 3.5, 0
51868, 7763222, 149, 6, TCP, 5.5, 0
49630, 98877800, 201, 3, ICMP, 2.0, 1
17862, 47859950, 161, 3, TCP, 2.5, 0
67072, 56984781, 145, 0, ICMP, 5.0, 1
58859, 39722688, 192, 5, UDP, 4.0, 0
18990, 79475041, 197, 8, ICMP, 0.5, 1
46660, 6102862, 215, 0, ICMP, 4.5, 0
19198, 5773030, 227, 8, UDP, 4.5, 1
77444, 65183595, 247, 7, TCP, 1.0, 0
27756, 6010246, 132, 4, UDP, 4.0, 0
69497, 93226992, 213, 6, TCP, 4.5, 0
10306, 92721702, 215, 5, UDP, 2.0, 1
60836, 6541436, 237, 9, TCP, 0.0, 0
71942, 85066899, 244, 0, UDP, 5.5, 0
30172, 67221895, 146, 9, TCP, 3.0, 1
91753, 81471783, 148, 3, ICMP, 2.5, 1
7716, 8348280, 242, 4, TCP, 4.0, 1
69097, 70945954, 187, 0, ICMP, 5.5, 1
17984, 15084012, 194, 2, UDP, 2.0, 0
58891, 49846729, 168, 3, TCP, 4.0, 0
82765, 85870462, 170, 5, ICMP, 1.5, 0
94674, 13722090, 168, 1, ICMP, 5.0, 0
24326, 89367646, 145, 0, ICMP, 1.0, 0
42156, 65186291, 221, 0, TCP, 5.5, 1
79839, 84013481, 233, 7, UDP, 4.5, 0
68689, 25287001, 154, 6, UDP, 3.5, 0
95401, 463899, 145, 9, ICMP, 5.0, 1
85358, 15170150, 229, 8, ICMP, 0.5, 0
49307, 87650176, 129, 2, TCP, 3.0, 1
12313, 84215478, 216, 4, UDP, 3.5, 0
294196, 4996099, 161, 2, UDP, 1.5, 0
26795, 77203037, 242, 5, ICMP, 4.0, 0
56789, 87088513, 145, 1, ICMP, 5.5, 0
44668, 67582082, 135, 0, TCP, 2.5, 1
33206, 18742580, 231, 9, ICMP, 0.0, 0
11200, 8051785, 221, 3, UDP, 0.5, 1
98507, 45225514, 239, 7, ICMP, 4.5, 1
63020, 95170119, 159, 0, ICMP, 2.0, 1
93845, 43110446, 134, 2, TCP, 5.0, 0
11398, 80938308, 221, 0, TCP, 5.5, 0
69415, 28213688, 155, 5, TCP, 2.0, 1
65174, 87232981, 223, 1, ICMP, 5.5, 1
1413, 12397447, 153, 6, UDP, 0.0, 1
55668, 31914625, 138, 9, ICMP, 0.5, 0
80061, 58598278, 207, 0, TCP, 5.0, 0
13963, 55503903, 153, 6, TCP, 0.5, 1
53170, 12004535, 242, 1, ICMP, 4.5, 1
82478, 52021784, 157, 8, UDP, 5.0, 0
80791, 57439398, 186, 5, UDP, 4.5, 1
12086, 2488443, 216, 0, ICMP, 5.0, 0
44578, 18876935, 214, 4, UDP, 3.0, 0
24724, 58714012, 220, 8, TCP, 3.5, 0
51476, 70042739, 227, 6, ICMP, 2.5, 1
19564, 33719593, 149, 5, ICMP, 5.5, 0
19290, 15152510, 219, 8, ICMP, 4.0, 1
46457, 86886027, 234, 3, UDP, 2.0, 1
54741, 32951848, 241, 4, TCP, 0.5, 0
58961, 99122060, 171, 9, UDP, 3.5, 1
56229, 16640495, 153, 2, UDP, 4.5, 0
31297, 8700835, 185, 0, ICMP, 2.0, 0
38304, 69812051, 176, 0, ICMP, 0.5, 1
16162, 45400674, 201, 7, UDP, 4.0, 1
71614, 56846, 127, 9, TCP, 1.5, 0
30962, 75044750, 159, 1, UDP, 5.0, 1
85113, 31534237, 121, 4, ICMP, 0.5, 0
14314, 90797814, 233, 9, ICMP, 3.0, 1
3212, 14357216, 141, 6, TCP, 4.5, 1
33843, 6797136, 156, 6, ICMP, 3.5, 0
45654, 90585456, 176, 0, UDP, 0.5, 0
44417, 74574, 154, 8, ICMP, 2.5, 1
66371, 91128476, 178, 1, UDP, 2.0, 1
96212, 65811255, 232, 1, ICMP, 5.5, 0
39426, 18147717, 144, 0, UDP, 2.5, 1
31697, 37624050, 164, 5, TCP, 5.0, 1
22056, 64557578, 131, 9, ICMP, 0.5, 0
75739, 25589420, 166, 8, UDP, 0.0, 1
59074, 13836063, 199, 6, UDP, 4.0, 1
56387, 58150690, 148, 4, TCP, 5.5, 0
7825, 60972643, 199, 0, UDP, 4.5, 1
40162, 35875359, 126, 6, ICMP, 5.0, 0
32333, 53853400, 158, 7, TCP, 4.0, 0
22039, 80930227, 218, 8, TCP, 4.5, 1
37663, 59461202, 181, 0, UDP, 2.0, 1
39082, 58864866, 144, 9, ICMP, 0.5, 0
51512, 47735890, 226, 6, ICMP, 2.5, 1
95524, 15889913, 244, 1, TCP, 3.5, 1
53095, 80755093, 144, 2, UDP, 5.0, 0
51511, 11804463, 222, 3, UDP, 3.5, 0
20951, 92293128, 132, 5, ICMP, 5.5, 1
78355, 49538163, 198, 9, ICMP, 0.0, 1
22996, 68895217, 241, 6, TCP, 5.0, 0
47808, 51280296, 152, 0, UDP, 4.5, 0
25902, 61561812, 130, 2, ICMP, 0.5, 0
16657, 5481877, 155, 3, UDP, 3.0, 0
18743, 34649808, 132, 5, ICMP, 4.5, 1
47581, 71054195, 166, 2, ICMP, 2.5, 0
60538, 87386751, 157, 0, UDP, 4.0, 0
57827, 41978911, 213, 4, TCP, 2.5, 0
59944, 61407579, 239, 8, ICMP, 0.5, 1
16314, 18173950, 166, 7, ICMP, 5.0, 0
22077, 91689416, 206, 0, TCP, 0.5, 0
38861, 53363587, 225, 3, ICMP, 4.5, 0
90454, 82999015, 252, 0, TCP, 3.0, 1
33365, 6551269, 138, 2, TCP, 3.5, 0
35971, 27710296, 232, 0, ICMP, 1.5, 1
3179, 22145104, 142, 9, ICMP, 5.0, 1
52629, 22013705, 252, 5, TCP, 1.0, 0
62708, 36376814, 162, 7, UDP, 0.5, 0
43023, 70457601, 145, 4, TCP, 2.5, 0
46383, 12417450, 238,7, ICMP, 1.0, 0
37794, 36202164, 226, 0, TCP, 0.5, 1
29015, 91423024, 252, 6, UDP, 4.0, 1
41218, 31000493, 166, 8, ICMP, 4.5, 0
2005, 81642621, 242, 0, ICMP, 5.0, 0
86254, 69860871, 147, 5, TCP, 4.5, 0
90810, 51259599, 126, 7, UDP, 5.0, 1
5713, 92873313, 216, 3, UDP, 0.5, 0
55635, 54412221, 250, 1, ICMP, 5.5, 1
5522, 34498090, 238, 8, TCP, 3.5, 0
46135, 53397293, 227, 4, ICMP, 2.0, 1
89757, 72734412, 167, 6, ICMP, 5.5, 0
64034, 12794258, 212, 7, ICMP, 3.5, 0
82726, 70419105, 144, 4, UDP, 0.5, 0
52872, 59348022, 234, 9, ICMP, 0.0, 1
54060, 30172403, 176, 6, TCP, 5.0, 0
33885, 22779631, 128, 2, ICMP, 5.5, 0
25270, 17277582, 237, 1, UDP, 3.0, 0
90280, 79077964, 125, 5, UDP, 4.5, 0
27619, 63929248, 139, 3, TCP, 1.5, 0
8171, 31334129, 226, 0, ICMP, 0.5, 1
19228, 71479615, 151, 4, TCP, 4.0, 1
56965, 61360573, 218, 4, UDP, 4.5, 0
68901, 7247600, 156, 1, TCP, 2.0, 0
93170, 61266819, 250, 0, ICMP, 4.0, 0
64936, 11459618, 164, 3, TCP, 5.5, 1
36180, 84468620, 222, 9, ICMP, 4.5, 0
82033, 27329889, 144, 6, TCP, 1.0, 1
69519, 45400495, 172, 8, UDP, 2.5, 0
10705, 51560757, 151, 0, UDP, 5.0, 0
2023, 62789547, 152, 7, ICMP, 3.5, 1
55012, 23788242, 247, 0, UDP, 4.0, 0
94104, 87748450, 193, 1, ICMP, 0.5, 0
87609, 47541160, 234, 5, ICMP, 3.0, 0
54571, 52117822, 164, 9, ICMP, 0.0, 1
59443, 35855645, 136, 6, UDP, 3.5, 0
89475, 81240245, 192, 0, TCP, 2.0, 0
78894, 9983084, 245, 2, TCP, 3.5, 0
78165, 69344, 251, 8, ICMP, 0.5, 1
6703, 22294487, 246, 0, UDP, 3.0, 1
37999, 83355905, 143, 8, UDP, 5.5, 0
76958, 48864337, 143, 1, TCP, 2.5, 0
111537, 56198468, 113, 2, UDP, 192.3, 0
191817, 67665754, 320, 6, TCP, 99.7, 1
153732, 56499508, 368, 4, UDP, 328.1, 0
121739, 54092712, 44, 3, TCP, 883.5, 1
189098, 50967265, 414, 7, UDP, 158.8, 0
170565, 16971554, 86, 4, TCP, 454.9, 1
156364, 54577379, 447, 4, UDP, 922.2, 0
196916, 27363771, 261, 7, TCP, 51.7, 1
134163, 52234349, 434, 5, UDP, 391.6, 0
141867, 80019312, 236, 8, TCP, 866.1, 1
6781, 393298, 28, 11, TCP, 0.0, 0
107489, 112003538, 318, 5, ICMP, 0.0, 1
140015, 78630991, 285, 81, ICMP, 0.0, 0
42520, 5030919, 140, 33, TCP, 0.0, 1
70798, 90879651, 345, 30, UDP, 0.0, 0
203507, 263543, 256, 96, TCP, 0.0, 1
112249, 9877388, 101, 17, UDP, 0.0, 0
46175, 6130680, 384, 31, ICMP, 0.0, 1
17691, 84555511, 403, 86, TCP, 0.0, 0
76320, 79714309, 108, 8, ICMP, 0.0, 1
78992, 52210306, 31, 48, TCP, 0.0, 0
146658, 4464915, 277, 71, ICMP, 0.0, 1
90139, 46528046, 32, 21, UDP, 0.0, 0
33487, 43768494, 482, 99, UDP, 0.0, 1
7199, 82650822, 130, 33, ICMP, 0.0, 0
38866, 8101813, 447, 94, UDP, 0.0, 1
44249, 173711, 487, 20, TCP, 0.0, 0
12825, 69965585, 498, 71, ICMP, 0.0, 1
112003, 58673082, 120, 43, ICMP, 0.0, 0
174267, 26740027, 370, 50, UDP, 0.0, 1
3219, 12384835, 74, 21, TCP, 0.0, 0
78904, 93917, 37, 7, UDP, 0.0, 1
58721, 50719464, 25, 56, TCP, 0.0, 0
183717, 43142264, 286, 19, TCP, 0.0, 1
8107, 69389761, 302, 20, ICMP, 0.0, 0
132472, 54005367, 497, 52, UDP, 0.0, 1
8748, 76877000, 324, 2, UDP, 0.0, 0
182642, 88886791, 451, 9, ICMP, 0.0, 1
62462, 51395228, 433, 37, TCP, 0.0, 0
27334, 85561178, 63, 39, ICMP, 0.0, 1
43001, 50199510, 476, 28, ICMP, 0.0, 0
56834, 93749993, 207, 90, UDP, 0.0, 1
50652, 49691809, 233, 49, TCP, 0.0, 0
142921, 85061506, 266, 20, TCP, 0.0, 1
48492, 71194019, 309, 19, ICMP, 0.0, 0
74219, 1053195, 333, 61, ICMP, 0.0, 1
44867, 46883836, 110, 98, TCP, 0.0, 0
58129, 51513321, 67, 24, UDP, 0.0, 1
119202, 37014723, 331, 36, ICMP, 0.0, 0
155633, 61950240, 492, 17, TCP, 0.0, 1
4810, 88154907, 84, 64, UDP, 0.0, 0
102037, 39245460, 213, 77, UDP, 0.0, 1
19493, 42007383, 345, 80, UDP, 0.0, 0
52335, 8287499, 384, 35, TCP, 0.0, 1
112109, 13486743, 34, 61, UDP, 0.0, 0
119228, 94882893, 383, 100, TCP, 0.0, 1
103775, 98360518, 159, 56, ICMP, 0.0, 0
77318, 66460038, 471, 8, ICMP, 0.0, 1
72921, 73042529, 182, 14, ICMP, 0.0, 0
190102, 52622063, 245, 33, TCP, 0.0, 1
78978, 8324037, 210, 69, UDP, 0.0, 0
141033, 80942658, 75, 95, ICMP, 0.0, 1
53934, 1537661, 309, 19, UDP, 0.0, 0
84604, 1776187, 352, 7, ICMP, 0.0, 1
106178, 49347060, 417, 26, TCP, 0.0, 0
14141, 91444111, 23, 71, ICMP, 0.0, 1
5942, 93161537, 43, 83, TCP, 0.0, 0
195190, 44506903, 129, 25, ICMP, 0.0, 1
124300, 72451027, 468, 54, ICMP, 0.0, 0
130587, 13186858, 295, 23, TCP, 0.0, 1
142625, 93256117, 39, 92, UDP, 0.0, 0
29367, 45624449, 238, 32, ICMP, 0.0, 1
48510, 83703478, 401, 11, ICMP, 0.0, 0
78363, 13069067, 445, 7, ICMP, 0.0, 1
77139, 29832645, 119, 39, ICMP, 0.0, 0
81546, 73994799, 102, 20, TCP, 0.0, 1
160620, 81076007, 239, 41, UDP, 0.0, 0
103829, 36192920, 293, 67, UDP, 0.0, 1
161291, 27368291, 431, 4, TCP, 0.0, 0
71928, 33207717, 459, 86, TCP, 0.0, 1
108035, 61615742, 167, 43, UDP, 0.0, 0
163837, 66121709, 394, 71, ICMP, 0.0, 1
142770, 4108983, 148, 25, ICMP, 0.0, 0
83617, 52748351, 56, 21, ICMP, 0.0, 1
20044, 1294852, 101, 6, TCP, 0.0, 0
32730, 18623061, 187, 252, TCP, 0.0, 1
54144, 46695740, 385, 35, TCP, 0.0, 0
169452, 77436363, 63, 63, UDP, 0.0, 1
81098, 41067339, 28, 25, ICMP, 0.0, 0
161627, 77634821, 179, 30, UDP, 0.0, 1
150920, 54050216, 325, 5, TCP, 0.0, 0
134795, 68849050, 176, 77, ICMP, 0.0, 1
134654, 39424873, 491, 54, ICMP, 0.0, 0
66200, 5669069, 169, 3, TCP, 0.0, 1
50145, 89019918, 461, 7, ICMP, 0.0, 0
55912, 61080971, 220, 88, ICMP, 0.0, 1
188890, 59859064, 374, 93, UDP, 0.0, 0
57443, 39250360, 469, 64, ICMP, 0.0, 1
45955, 6716437, 418, 85, UDP, 0.0, 0
142266, 57446510, 169, 27, TCP, 0.0, 1
185888, 79061215, 471, 34, UDP, 0.0, 0
110611, 60892465, 10, 73, ICMP, 0.0, 1
94543, 71232147, 448, 11, TCP, 0.0, 0
20755, 61203262, 405, 90, TCP, 0.0, 1
2578, 47239320, 248, 90, UDP, 0.0, 0
133594, 14663490, 446, 56, ICMP, 0.0, 1
90354, 43122542, 327, 59, TCP, 0.0, 0
42790, 80460784, 111, 0, UDP, 0.0, 1
99392, 36450945, 354, 70, UDP, 0.0, 0
41308, 5894534, 497, 12, UDP, 0.0, 1
52416, 37961902, 482, 5, ICMP, 0.0, 0
85230, 48927266, 107, 37, TCP, 0.0, 1
92072, 55423327, 87, 30, ICMP, 0.0, 0
117837, 3546155, 117, 31, TCP, 0.0, 1
69338, 97558802, 232, 99, ICMP, 0.0, 0
192215, 47806617, 103, 35, ICMP, 0.0, 1
117508, 50405948, 71, 33, ICMP, 0.0, 0
168485, 24417656, 327, 56, TCP, 0.0, 1
114891, 93728414, 178, 16, ICMP, 0.0, 0
116039, 71507356, 497, 20, ICMP, 0.0, 1
54893, 40834328, 175, 11, UDP, 0.0, 0
77627, 76194058, 248, 14, UDP, 0.0, 1
44135, 36117532, 186, 4, UDP, 0.0, 0
196019, 28021660, 227, 99, ICMP, 0.0, 1
156211, 1115047, 267, 48, TCP, 0.0, 0
182493, 59816237, 19, 46, ICMP, 0.0, 1
154004, 48844406, 464, 91, ICMP, 0.0, 0
81883, 89797054, 490, 80, ICMP, 0.0, 1
154355, 82202451, 270, 27, UDP, 0.0, 0
8088, 49967470, 440, 79, ICMP, 0.0, 1
114336, 75069381, 493, 61, ICMP, 0.0, 0
181733, 64361712, 56, 66, TCP, 0.0, 1
110200, 35432920, 351, 72, TCP, 0.0, 0
132029, 17979698, 43, 24, ICMP, 0.0, 1
10849, 93306363, 322, 82, UDP, 0.0, 0
40232, 72589720, 343, 57, ICMP, 0.0, 1
76230, 72702090, 131, 79, UDP, 0.0, 0
123268, 92091794, 29, 97, ICMP, 0.0, 1
156076, 73009891, 104, 36, TCP, 0.0, 0
77862, 82436718, 132, 57, ICMP, 0.0, 1
56226, 84572332, 438, 23, ICMP, 0.0, 0
169268, 1280759, 408, 95, TCP, 0.0, 1
83494, 4508676, 140, 11, TCP, 8198.0, 1 
53464, 3100912, 174, 5, TCP, 0.0, 1 
41312, 6831841, 138, 4, TCP, 7154.0, 0 
58348, 6268169, 217, 7, UDP, 7130.0, 0
17385, 6308524, 169, 7, UDP, 6680.0, 0 
15218, 6428035, 116, 9, TCP, 127.0, 0 
76214, 6257934, 210, 11, UDP, 3106.0, 0
22030, 9917452, 101, 13, TCP, 7013.0, 0 
77494, 5728518, 126, 15, UDP, 1110.0, 1
33552, 8628252, 152, 8, TCP, 6163.0, 1 
42238, 8993820, 189, 5, TCP, 7677.0, 1 
79418, 2880051, 240, 8, UDP, 4827.0, 0 
92739, 9071194, 157, 6, TCP, 9890.0, 0 
21506, 7883745, 118, 3, UDP, 3027.0, 0 
44400, 8464641, 106, 13, UDP, 2799.0, 1 
57077, 3143048, 175, 13, TCP, 4930.0, 0 
51278, 9781627, 138, 4, TCP, 4397.0, 1 
29415, 7271455, 181, 14, UDP, 9261.0, 1 
20150, 9832484, 224, 9, TCP, 9864.0, 0 
49570, 4631955, 148, 7, UDP, 8317.0, 0 
84476, 9486888, 103, 10, UDP, 7266.0, 1
75316, 6184407, 179, 10, UDP, 1565.0, 1 
69834, 5221090, 165, 7, TCP, 8235.0, 0 
84407, 7871720, 194, 15, TCP, 7879.0, 1 
66878, 9748307, 166, 4, TCP, 4364.0, 0 
87667, 1770063, 187, 3, UDP, 2292.0, 1
41706, 2992125, 216, 13, UDP, 2057.0, 0 
26729, 7615258, 167, 6, UDP, 8539.0, 0 
31979, 5419517, 243, 6, TCP, 5669.0, 0 
24613, 233355, 209, 10, UDP, 4539.0, 1 
51311, 5160432, 210, 7, UDP, 7220.0, 1 
30890, 1809767, 113, 6, UDP, 2312.0, 1 
49485, 2039919, 179, 10, TCP, 3755.0, 0 
45049, 1102578, 232, 5, UDP, 8163.0, 0 
81576, 394308, 133, 6, TCP, 1785.0, 0 
85492, 7337592, 131, 8, UDP, 8385.0, 1
74511, 7520569, 176, 8, UDP, 9888.0, 0 
34535, 4093073, 181, 11, UDP, 9577.0, 0 
74743, 6356925, 145, 9, UDP, 6493.0, 0 
76701, 7193763, 104, 3, UDP, 7573.0, 0 
54777, 9583781, 161, 3, UDP, 4033.0, 1 
65914, 1215836, 195, 14, UDP, 6372.0, 0 
90650, 1588861, 142, 12, TCP, 8895.0, 0 
57362, 9037554, 165, 4, UDP, 5904.0, 0 
60048, 5746098, 243, 10, UDP, 7650.0, 0 
91792, 2963934, 223, 13, TCP, 4457.0, 1 
13324, 2508401, 104, 15, UDP, 6186.0, 1
30202, 8326088, 128, 15, UDP, 7716.0, 1 
69901, 4174725, 191, 5, UDP, 3118.0, 1 
46183, 2748236, 146, 13, TCP, 4232.0, 0 
37546, 5124877, 172, 13, TCP, 1620.0, 0 
76193, 2018742, 122, 4, UDP, 8367.0, 1
99422, 4569765, 235, 13, TCP, 8597.0, 0 
7820, 2016229, 124, 14, UDP, 3260.0, 1 
40037, 7302141, 219, 4, UDP, 3165.0, 1 
73131, 4843259, 126, 10, TCP, 2338.0, 0 
47673, 1840464, 149, 14, UDP, 1947.0, 0 
70175, 481503, 195, 3, UDP, 8269.0, 0 
72744, 3798306, 201, 15, UDP, 6317.0, 0 
28965, 5447841, 245, 9, UDP, 1990.0, 0 
95093, 4029389, 101, 6, UDP, 9145.0, 1 
63064, 4431495, 14, 6, TCP, 2740.0, 0 
44327, 5992186, 135, 11, UDP, 753.0, 0 
63687, 979977, 167, 14, TCP, 4478.0, 0 
30488, 3718683, 126, 4, TCP, 7899.0, 1
96615, 6581001, 168, 12, UDP, 8025.0, 1 
28585, 2941080, 249, 11, UDP, 7594.0, 0 
54720, 2316857, 233, 15, UDP, 3708.0, 1 
81636, 1050305, 140, 7, TCP, 8790.0, 1 
2253, 2598192, 146, 5, UDP, 1544.0, 1 
54521, 8682016, 244, 3, UDP, 677.0, 0 
25566, 5376481, 224, 15, TCP, 9650.0, 0 
36096, 8031040, 138, 7, TCP, 715.0, 1 
93006, 518199, 235, 8, UDP, 7657.0, 0 
21298, 2689973, 110, 5, TCP, 8166.0, 1 
68178, 2499172, 123, 10, TCP, 9485.0, 1 
23161, 4658631, 153, 3, UDP, 6568.0, 0 
38699, 1334205, 242, 14, TCP, 8242.0, 1 
86312, 8721862, 244, 9, TCP, 5305.0, 0 
56480, 9921898, 204, 11, UDP, 4024.0, 0 
16500, 3179, 197, 14, TCP, 1255.0, 0
65051, 5090408, 162, 15, TCP, 2264.0, 1 
73582, 5894533, 135, 9, UDP, 9890.0, 0 
35514, 8693515, 150, 11, UDP, 6207.0, 0 
65529, 4730608, 181, 4, UDP, 8355.0, 0 
96738, 611166, 192, 8, TCP, 9252.0, 0 
66039, 4257555, 110, 15, UDP, 6994.0, 1 
87009, 1859833, 131, 8, TCP, 8330.0, 1 
79825, 5884124, 210, 4, UDP, 8605.0, 0 
90570, 5679205, 133, 8, TCP, 637.0, 0 
1635, 677897, 131, 6, UDP, 9539.0, 0 
90065, 4501318, 158, 4, TCP, 5279.0, 0 
60910, 3609683, 177, 4, TCP, 7748.0, 0 
93440, 3737342, 224, 6, UDP, 9419.0, 0 
57160, 3496220, 145, 4, TCP, 3462.0, 1 
81024, 1743002, 124, 11, TCP, 2407.0, 0 
35790, 4108713, 160, 3, TCP, 5633.0, 0 
92310, 6841177, 241, 14, TCP, 2453.0, 0 
9745, 9059997, 216, 6, UDP, 2694.0, 0 
17077, 2164837, 218, 9, TCP, 515.0, 0 
42768, 9712991, 108, 11, UDP, 9571.0, 0 
13138, 2396727, 131, 12, TCP, 4273.0, 0 
45548, 2002609, 106, 5, TCP, 5126.0, 1 
85311, 1184747, 237, 5, UDP, 3975.0, 0 
42299, 6503759, 108, 8, UDP, 1884.0, 0 
39492, 9625450, 144, 11, UDP, 6018.0, 0 
6243, 9061818, 129, 6, TCP, 7386.0, 0 
65603, 9706895, 228, 4, TCP, 1973.0, 0 
38520, 7503299, 125, 3, UDP, 5146.0, 1 
16221, 8646777, 208, 8, UDP, 6478.0, 1 
59378, 4367229, 126, 15, TCP, 3355.0, 0 
84996, 7003895, 193, 15, TCP, 6781.0, 0 
47055, 850889, 180, 12, UDP, 6701.0, 1 
44410, 9195482, 110, 5, UDP, 2292.0, 0 
22796, 1063791, 153, 10, UDP, 9407.0, 0 
49060, 6117623, 121, 7, UDP, 6164.0, 1 
84056, 2791065, 104, 14, UDP, 4799.0, 0 
96760, 7652218, 151, 11, UDP, 5908.0, 0 
25675, 7389459, 224, 12, UDP, 9537.0, 0 
26742, 7446825, 186, 14, TCP, 530.0, 1 
22502, 1030243, 153, 15, TCP, 5168.0, 0 
53546, 9083962, 234, 15, UDP, 3999.0, 1 
18269, 58034, 109, 7, TCP, 449.0, 1 
52130, 4550642, 123, 3, UDP, 1517.0, 0 
81494, 8468922, 124, 4, UDP, 863.0, 0 
39708, 5555258, 223, 11, TCP, 8839.0, 0 
68365, 648702, 189, 8, UDP, 8349.0, 0 
87517, 7713328, 135, 15, UDP, 4733.0, 0 
54513, 7548269, 211, 10, UDP, 426.0, 1 
78825, 9440974, 140, 10, UDP, 13.0, 0 
16764, 866350, 122, 13, UDP, 7338.0, 0 
29377, 3973508, 237, 10, UDP, 2184.0, 1 
19182, 8821074, 244, 8, TCP, 9183.0, 0 
9781, 1108250, 166, 7, TCP, 2762.0, 0
72370, 77146420, 160, 3, UDP, 12817.0, 0
489, 47922, 501, 4, ICMP, 2516.0, 0
45802, 81071117, 232, 5, TCP, 3008.0, 0
36078, 26231750, 101, 4, TCP, 20619.0, 0
28859, 32187153, 132, 2, UDP, 5133.0, 0
19255, 15921577, 456, 3, TCP, 13132.0, 0
9129, 90717999, 241, 4, UDP, 23679.0, 0
60702, 49761826, 221, 1, TCP, 29282.0, 0
96824, 11787059, 327, 5, ICMP, 19442.0, 0
77636, 79260130, 447, 3, ICMP, 6089.0, 0
57369, 36316073, 400, 5, ICMP, 26323.0, 0
33620, 66445437, 489, 1, UDP, 19277.0, 0
18069, 46312933, 332, 3, TCP, 17594.0, 0
8127, 197975, 10, 1, UDP, 8754.0, 0
37811, 27260622, 18, 3, ICMP, 25056.0, 0
29042, 57499427, 274, 4, ICMP, 28046.0, 0
35303, 24760616, 362, 2, TCP, 4282.0, 0
90045, 81429068, 2, 4, ICMP, 8312.0, 0
19759, 54754890, 123, 5, UDP, 2238.0, 0
62019, 80183306, 20, 5, UDP, 24480.0, 0
91831, 24703506, 71, 2, UDP, 3264.0, 0
70286, 12316858, 260, 5, ICMP, 27025.0, 0
46856, 97710288, 493, 3, UDP, 10676.0, 0
69803, 91948436, 432, 5, TCP, 15090.0, 0
72439, 45683074, 38, 5, TCP, 10826.0, 0
69017, 32773159, 63, 3, TCP, 4209.0, 0
90306, 65446538, 498, 5, TCP, 29006.0, 0
74495, 75962423, 189, 5, ICMP, 1722.0, 0
21229, 18217391, 168, 1, UDP, 6707.0, 0
48162, 22465077, 351, 4, UDP, 31077.0, 0
17117, 28227523, 428, 5, UDP, 19632.0, 0
26470, 14336644, 450, 5, TCP, 32563.0, 0
75210, 20091070, 88, 5, UDP, 5893.0, 0
20986, 87134239, 317, 4, ICMP, 29402.0, 0
64111, 58502933, 122, 1, TCP, 25512.0, 0
92130, 78332174, 355, 1, TCP, 30815.0, 0
6601, 45162594, 339, 2, TCP, 7159.0, 0
32052, 88836008, 485, 2, TCP, 12956.0, 0
18163, 35354888, 333, 4, TCP, 20253.0, 0
38030, 10149711, 128, 2, UDP, 20252.0, 0
77270, 76441513, 177, 4, ICMP, 15794.0, 0
1043, 50203528, 51, 4, TCP, 12054.0, 0
46395, 31736387, 46, 5, UDP, 16500.0, 0
27804, 57189349, 270, 3, TCP, 21143.0, 0
28820, 41481552, 292, 1, UDP, 25352.0, 0
57229, 82994486, 490, 2, UDP, 19995.0, 0
56242, 39002213, 202, 1, TCP, 6141.0, 0
7761, 63907959, 132, 2, TCP, 27829.0, 0
51056, 22230725, 394, 4, TCP, 20360.0, 0
89235, 79221107, 442, 4, UDP, 25660.0, 0
86504, 1832520, 80, 5, ICMP, 6618.0, 0
54295, 29948698, 30, 3, UDP, 5254.0, 0
91097, 57137999, 256, 5, TCP, 23235.0, 0
54293, 78679536, 148, 4, ICMP, 6121.0, 0
8493, 94889537, 108, 3, UDP, 29843.0, 0
78456, 6081560, 99, 2, ICMP, 25962.0, 0
70584, 51022659, 149, 5, UDP, 3799.0, 0
79890, 67492011, 420, 4, ICMP, 9971.0, 0
58687, 45537250, 207, 3, UDP, 407.0, 0
85274, 87601527, 343, 5, ICMP, 5221.0, 0
71820, 12609170, 489, 3, ICMP, 14041.0, 0
86861, 6850867, 119, 4, TCP, 16175.0, 0
1348, 53760962, 205, 1, UDP, 24760.0, 0
77813, 21799401, 19, 2, UDP, 28132.0, 0
83308, 81541255, 237, 5, UDP, 22520.0, 0
74333, 71403109, 44, 1, ICMP, 13209.0, 0
42689, 62990848, 185, 5, TCP, 8400.0, 0
62918, 55529997, 62, 2, ICMP, 23968.0, 0
27120, 46410507, 165, 3, TCP, 26741.0, 0
66157, 51912085, 18, 3, UDP, 28248.0, 0
71639, 28195287, 402, 5, TCP, 15355.0, 0
17444, 23525533, 303, 5, ICMP, 15753.0, 0
53515, 71730005, 94, 4, UDP, 4294.0, 0
43450, 55504088, 296, 3, ICMP, 20933.0, 0
30007, 92105557, 177, 4, ICMP, 29516.0, 0
65594, 67017684, 224, 2, ICMP, 6875.0, 0
8744, 56357325, 216, 1, UDP, 7985.0, 0
93218, 46350833, 308, 5, TCP, 11499.0, 0
72007, 82471901, 478, 5, ICMP, 6540.0, 0
91273, 42481174, 42, 1, UDP, 13819.0, 0
12498, 72785850, 423, 2, TCP, 9294.0, 0
13719, 30591286, 38, 1, TCP, 11804.0, 0
58409, 81639650, 463, 1, ICMP, 6716.0, 0
67753, 52913867, 248, 3, ICMP, 28933.0, 0
35159, 96787519, 441, 5, UDP, 20781.0, 0
61137, 7391878, 33, 3, UDP, 8223.0, 0
41616, 65261914, 390, 4, ICMP, 18116.0, 0
54346, 48899457, 226, 1, UDP, 25091.0, 0
18333, 81205101, 274, 5, TCP, 23497.0, 0
82904, 51769857, 407, 4, UDP, 5710.0, 0
2063, 5813853, 181, 4, TCP, 12249.0, 0
30121, 60204246, 146, 4, TCP, 26504.0, 0
38826, 83813133, 470, 4, UDP, 19517.0, 0
51307, 83622861, 64, 3, UDP, 15867.0, 0
54084, 58287737, 9, 5, UDP, 17372.0, 0
76546, 33267452, 79, 5, TC
722, 65218, 443, 2, ICMP, 3541.0, 0
444, 92007, 980, 4, TCP, 1879.0, 0
176, 82360, 603, 3, ICMP, 5403.0, 0
348, 54925, 768, 6, ICMP, 9451.0, 0
697, 63717, 248, 4, UDP, 3881.0, 0
919, 97751, 461, 7, ICMP, 6884.0, 0
227, 77899, 699, 9, ICMP, 7520.0, 0
792, 30189, 327, 8, TCP, 9992.0, 0
937, 75939, 626, 3, UDP, 8122.0, 0

737, 62817, 65, 8, ICMP, 6139.0, 0
287, 98224, 459, 6, TCP, 1557.0, 0
798, 48649, 208, 5, UDP, 4593.0, 0
419, 27522, 647, 2, UDP, 4678.0, 0
831, 79279, 115, 9, TCP, 8431.0, 0
195, 99170, 456, 8, UDP, 6876.0, 0
936, 28176, 846, 1, TCP, 1067.0, 0
937, 25911, 186, 3, ICMP, 7270.0, 0
634, 68947, 271, 2, UDP, 2234.0, 0
286, 15448, 754, 6, ICMP, 3387.0, 0

933, 83712, 367, 7, TCP, 8745.0, 0
963, 70810, 688, 1, ICMP, 4127.0, 0
125, 12518, 647, 4, UDP, 4574.0, 0
902, 12586, 313, 3, ICMP, 6111.0, 0
469, 99796, 842, 8, ICMP, 8529.0, 0
414, 28013, 669, 2, TCP, 4768.0, 0
687, 5768, 737, 7, ICMP, 6414.0, 0
651, 12451, 73, 1, TCP, 413.0, 0
796, 7510, 983, 4, UDP, 7241.0, 0
23, 98569, 613, 4, TCP, 603.0, 0

705, 18415, 593, 5, ICMP, 7964.0, 0
903, 48050, 999, 6, ICMP, 4291.0, 0
982, 66697, 402, 6, ICMP, 8083.0, 0
808, 7809, 21, 5, UDP, 9206.0, 0
478, 79035, 723, 8, TCP, 5296.0, 0
530, 75226, 812, 6, TCP, 2904.0, 0
714, 12674, 28, 9, ICMP, 6778.0, 0
561, 24220, 177, 5, ICMP, 9306.0, 0
919, 83217, 398, 8, ICMP, 457.0, 0
292, 41694, 505, 6, ICMP, 5999.0, 0

924, 48058, 853, 1, UDP, 3211.0, 0
567, 59547, 596, 7, ICMP, 9882.0, 0
508, 80972, 977, 8, ICMP, 9460.0, 0
189, 11510, 691, 4, ICMP, 4478.0, 0
636, 68859, 633, 2, ICMP, 198.0, 0
741, 93462, 550, 2, UDP, 2090.0, 0
425, 44119, 570, 4, UDP, 5379.0, 0
591, 11444, 501, 1, ICMP, 3304.0, 0
666, 31020, 583, 8, TCP, 1527.0, 0
551, 39736, 507, 4, TCP, 1013.0, 0

567, 42977, 694, 7, ICMP, 8504.0, 0
605, 12413, 917, 7, UDP, 7787.0, 0
795, 15887, 615, 6, ICMP, 2063.0, 0
353, 70119, 374, 8, UDP, 7077.0, 0
170, 61014, 815, 4, UDP, 4110.0, 0
561, 96857, 671, 5, ICMP, 2766.0, 0
013, 29224, 674, 2, ICMP, 2040.0, 0
740, 97837, 943, 9, TCP, 4821.0, 0
733, 92135, 674, 8, ICMP, 5780.0, 0
745, 22940, 118, 7, ICMP, 4122.0, 0
import random

for _ in range(10000):
    src_IP = random.randint(10000,99999)
    dest_IP = random.randint(100000000,999999999)
    proto = random.randint(100, 999)
    hop_count = random.randint(0,9)
    proto_type = random.choice(['ICMP','TCP','UDP','IGMP'])
    flow_duration = round(random.uniform(0.0,1), 1)
    ismalice = random.choice([0,1])

    entry = f"{src_IP}, {dest_IP}, {proto}, {hop_count}, {proto_type}, {flow_duration}, {ismalice}"
    print(entry)
27305, 234740, 60, 4, UDP, 0.0, 0 
1662, 907856, 1011, 17, ICMP, 5115.0, 0 
33854, 413220, 85, 23, UDP, 0.0, 0 
90980, 468986, 12, 7, ICMP, 5648.0, 0 
46886, 350827, 62, 4, UDP, 0.0, 0 
31056, 311314, 64, 12, TCP, 4100.0, 0 
6674, 143044, 945, 4, ICMP, 8048.0, 0 
53033, 316830, 983, 4, TCP, 7946.0, 0 
41224, 863264, 73, 19, UDP, 0.0, 0 
 final data
99221, 77467, 75, 21, UDP, 0.0, 0 
9675, 192850, 13, 3, ICMP, 7256.0, 0
67426, 851000, 91, 14, ICMP, 1492.0, 0 
54119, 201490, 94, 13, UDP, 0.0, 0 
997, 186612, 54, 9, TCP, 3749.0, 0 
73428, 88411, 48, 11, UDP, 0.0, 0 
19298, 543138, 24, 7, UDP, 0.0, 0 
63099, 435070, 61, 11, TCP, 6832.0, 0 
71907, 80588, 93, 12, ICMP, 6564.0, 0 
13081, 209031, 74, 20, TCP, 3887.0, 0
49831, 53119846, 110, 3, UDP, 0.0, 0 
38857, 41421562, 85, 3, UDP, 7679.0, 0 
13788, 73950247, 62, 0, UDP, 15456.0, 0 
9361, 54531284, 127, 0, TCP, 1218.0, 0 
57060, 57019037, 54, 1, UDP, 11367.0, 0 
73131, 97276661, 119, 1, TCP, 9839.0, 0 
69917, 21019061, 102, 3, UDP, 44603.0, 0 
77012, 98416222, 123, 1, UDP, 28013.0, 0 
31026, 37985928, 81, 2, TCP, 48949.0, 0 
97677, 99159463, 33, 3, UDP, 12919.0, 0 
85695, 11501050, 116, 1, UDP, 19840.0, 0 
89114, 25153253, 101, 3, TCP, 36915.0, 0 
47628, 15805380, 63, 0, UDP, 18538.0, 0 
48971, 74206708, 69, 0, TCP, 36068.0, 0 
76494, 86329489, 87, 3, TCP, 14947.0, 0 
46474, 60984986, 122, 0, TCP, 42932.0, 0 
98418, 66036133, 72, 2, UDP, 28338.0, 0 
71160, 32196308, 97, 0, UDP, 49070.0, 0 
19037, 37140537, 118, 3, UDP, 19931.0, 0 
43732, 58584049, 61, 3, UDP, 9385.0, 0 
91681, 96778687, 36, 0, UDP, 48350.0, 0 
86413, 36481020, 0, 1, TCP, 28163.0, 0 
90267, 30580945, 64, 3, UDP, 13541.0, 0 
37222, 57499193, 82, 1, TCP, 38285.0, 0 
64838, 30481772, 56, 3, TCP, 17332.0, 0 
8975, 80187713, 111, 3, UDP, 49540.0, 0 
26106, 1031658, 95, 2, TCP, 1406.0, 0 
82015, 19477681, 103, 3, UDP, 28067.0, 0 
42417, 54501466, 37, 3, UDP, 26341.0, 0 
9454, 6204244, 34, 0, TCP, 15669.0, 0 
30449, 86477254, 116, 1, UDP, 8796.0, 0 
41952, 99717444, 67, 1, TCP, 65682.0, 0 
32792, 41892284, 2, 0, UDP, 48752.0, 0 
1893, 28404491, 26, 3, TCP, 7810.0, 0 
45252, 2528728, 97, 2, UDP, 21922.0, 0 
40902, 91785522, 29, 0, UDP, 26796.0, 0 
68131, 35911478, 82, 0, UDP, 26295.0, 0 
58130, 15911797, 46, 2, UDP, 2893.0, 0 
96347, 42859461, 75, 0, TCP, 26556.0, 0 
95389, 92925462, 47, 0, UDP, 1509.0, 0 
39327, 85311841, 55, 3, UDP, 5761.0, 0 
37535, 56420983, 27, 1, UDP, 37690.0, 0 
71417, 46974867, 104, 3, UDP, 16295.0, 0 
50601, 58914086, 73, 0, UDP, 4193.0, 0 
4593, 84380574, 119, 3, UDP, 23331.0, 0 
91209, 15081714, 33, 1, UDP, 47037.0, 0 
6606, 65459298, 109, 2, UDP, 1867.0, 0 
30331, 5830097, 79, 0, UDP, 33134.0, 0 
25852, 54727775, 117, 3, UDP, 23506.0, 0 
99132, 29020238, 4, 1, UDP, 43220.0, 0 
11848, 78032905, 89, 3, UDP, 35445.0, 0 
42677, 22205358, 67, 0, UDP, 29812.0, 0 
55837, 87771317, 92, 0, TCP, 4611.0, 0 
91489, 75434303, 31, 3, TCP, 15165.0, 0 
11468, 79888585, 112, 3, UDP, 14639.0, 0 
24615, 24340012, 55, 2, UDP, 6317.0, 0 
82039, 47779609, 101, 1, UDP, 20036.0, 0 
32290, 35330770, 117, 0, UDP, 23951.0, 0 
24818, 43679385, 122, 1, TCP, 39584.0, 0
21270, 64713260, 43, 0, UDP, 9750.0, 0 
76239, 5063157, 10, 2, TCP, 14552.0, 0 
56386, 24142792, 48, 0, TCP, 22874.0, 0 
9231, 79979974, 5, 2, UDP, 30966.0, 0 
44366, 66823580, 98, 0, TCP, 43133.0, 0 
97462, 88929754, 0, 3, TCP, 47750.0, 0 
47981, 58799759, 70, 3, TCP, 2432.0, 0 
6820, 50376237, 74, 1, TCP, 44792.0, 0 
195(, 86839295, 113, 3, UDP, 29265.0, 0 
67283, 83322366, 30, 0, UDP, 7052.0, 0 
48921, 46961194, 23, 0, TCP, 20502.0, 0 
97368, 7388480, 78, 2, TCP, 7496.0, 0 
56834, 54564456, 63, 3, UDP, 30460.0, 0 
36438, 41001169, 40, 2, TCP, 31521.0, 0 
44283, 25723771, 112, 3, TCP, 8908.0, 0 
78437, 99004037, 115, 0, UDP, 17181.0, 0 
26953, 65951462, 94, 0, UDP, 21718.0, 0 
41033, 44151533, 83, 2, UDP, 49122.0, 0 
21501, 50934524, 102, 2, TCP, 15829.0, 0 
24635, 55683041, 39, 3, UDP, 757.0, 0 
20448, 12648198, 71, 0, TCP, 20033.0, 0 
84577, 42430213, 51, 2, UDP, 11396.0, 0 
54050, 80011296, 39, 0, UDP, 27283.0, 0 
43909, 71642993, 59, 0, UDP, 39219.0, 0 
63293, 72089939, 103, 3, UDP, 47224.0, 0 
63375, 96787339, 97, 3, UDP, 32775.0, 0 
17911, 24607487, 14, 2, UDP, 36040.0, 0 
63736, 27130047, 32, 3, TCP, 30539.0, 0 
12388, 48321601, 44, 2, UDP, 19567.0, 0 
26040, 11190167, 27, 2, TCP, 38382.0, 0 
79329, 62440651, 51, 2, UDP, 14100.0, 0 
51464, 8759550, 113, 1, UDP, 2279.0, 0 
66007, 2013728, 60, 1, UDP, 2491.0, 0 
85159, 71638021, 57, 3, UDP, 5274.0, 0 
65312, 68623726, 86, 0, UDP, 13862.0, 0 
27863, 46577748, 84, 1, TCP, 40548.0, 0 
17719, 13176200, 99, 2, UDP, 44469.0, 0 
68494, 3581545, 8, 0, TCP, 713.0, 0 
85270, 98119063, 8, 0, UDP, 49578.0, 0 
32388, 7144514, 25, 2, UDP, 47526.0, 0 
34742, 41007164, 58, 0, UDP, 21613.0, 0 
79910, 57604186, 110, 1, UDP, 43424.0, 0 
76577, 9692338, 43, 2, UDP, 2099.0, 0 
73953, 77746814, 98, 0, UDP, 7712.0, 0 
59644, 46038418, 35, 1, UDP, 41005.0, 0 
56059, 5204511, 120, 0, TCP, 8667.0, 0 
80254, 12927841, 113, 0, UDP, 46653.0, 0 
21753, 69728419, 103, 0, TCP, 18963.0, 0 
96059, 82236280, 76, 3, UDP, 4372.0, 0 
40090, 13014833, 40, 0, TCP, 33961.0, 0 
18112, 39710984, 19, 2, UDP, 18769.0, 0 
5376, 69211146, 6, 0, UDP, 33084.0, 0 
12985, 58625439, 6, 0, TCP, 40440.0, 0 
75705, 68073936, 69, 3, TCP, 4154.0, 0 
73235, 73478683, 81, 0, UDP, 488.0, 0 
26560, 65124597, 14, 3, TCP, 23015.0, 0 
3437, 30170698, 57, 2, UDP, 42671.0, 0 
84856, 68931282, 74, 3, UDP, 17156.0, 0 
90364, 37348245, 91, 2, UDP, 10299.0, 0 
29466, 26010805, 109, 3, UDP, 23829.0, 0 
10182, 97511439, 41, 3, UDP, 28733.0, 0 
46690, 47503897, 54, 2, TCP, 27309.0, 0 
91439, 62215071, 104, 3, TCP, 45073.0, 0 
15809, 81354274, 68, 0, TCP, 15465.0, 0 
11366, 25852255, 71, 1, TCP, 14419.0, 0 
74480, 67813977, 44, 0, TCP, 11712.0, 0 
14355, 87002248, 99, 1, UDP, 37462.0, 0 
83299, 98944176, 32, 2, TCP, 2352.0, 0 
22665, 30848967, 61, 1, TCP, 21902.0, 0 
87413, 25206841, 81, 3, UDP, 6804.0, 0 
15353, 49195818, 48, 3, TCP, 32930.0, 0 
78704, 84393209, 11, 0, UDP, 26705.0, 0 
50418, 44214157, 83, 2, UDP, 19927.0, 0 
15843, 31180894, 12, 0, UDP, 8284.0, 0 
74640, 75605937, 20, 1, TCP, 516.0, 0 
30056, 29837501, 57, 0, TCP, 42604.0, 0 
44520, 77560282, 56, 3, UDP, 16716.0, 0 
42556, 43472491, 6, 0, UDP, 32062.0, 0 
11780, 78899198, 24, 0, UDP, 36986.0, 0 
87754, 22696455, 13, 0, UDP, 29171.0, 0 
57651, 6952118, 67, 0, TCP, 36075.0, 0 
75152, 37731926, 55, 1, TCP, 49672.0, 0 
63361, 99718057, 105, 0, UDP, 20273.0, 0 
95248, 13363585, 52, 0, UDP, 30964.0, 0 
38940, 20355227, 34, 0, UDP, 41390.0, 0 
80291, 92381104, 5, 1, UDP, 28453.0, 0 
62960, 51534077, 104, 0, UDP, 43683.0, 0 
44479, 41947562, 8, 3, UDP, 18677.0, 0 
18040, 16432533, 75, 0, UDP, 23631.0, 0 
43506, 72173760, 62, 1, UDP, 2356.0, 0 
76532, 55026457, 32, 0, UDP, 9835.0, 0 
52521, 67743858, 41, 1, TCP, 8209.0, 0 
89478, 89736400, 10, 0, UDP, 10282.0, 0 
82073, 6087397, 2, 3, TCP, 11650.0, 0 
79745, 98433873, 75, 1, TCP, 13395.0, 0 
9504, 65454142, 25, 0, UDP, 33119.0, 0 
83775, 58138024, 49, 1, UDP, 984.0, 0 
94371, 31221263, 33, 1, UDP, 35081.0, 0 
45109, 26789257, 27, 3, UDP, 12451.0, 0 
36860, 2268608, 111, 0, UDP, 139.0, 0 
95977, 57232558, 79, 3, TCP, 25195.0, 0 
24040, 31157278, 26, 2, UDP, 10850.0, 0 
97347, 83421089, 35, 1, UDP, 3643.0, 0 
39871, 53384265, 9, 3, TCP, 25372.0, 0 
33929, 39317514, 15, 0, UDP, 27664.0, 0 
32744, 53709693, 111, 0, UDP, 36004.0, 0 
81541, 91867568, 37, 3, UDP, 39469.0, 0 
77273, 95793320, 44, 2, TCP, 14258.0, 0 
75741, 98067204, 28, 3, UDP, 7572.0, 0 
57679, 89407242, 83, 0, UDP, 45093.0, 0 
58356, 64993614, 20, 3, UDP, 29611.0, 0 
83003, 72656098, 42, 3, UDP, 33206.0, 0 
98522, 29975029, 73, 1, UDP, 16007.0, 0 
45040, 46980226, 100, 1, UDP, 14552.0, 0 
68654, 84122060, 57, 1, UDP, 21105.0, 0 
7172, 50846252, 36, 0, TCP, 1827.0, 0 
93272, 69050587, 88, 2, UDP, 37130.0, 0 
6189, 86572584, 45, 2, UDP, 6972.0, 0 
16410, 32862252, 29, 1, UDP, 33563.0, 0 
28436, 68562079, 38, 3, TCP, 3782.0, 0 
83064, 5690129, 67, 3, TCP, 30186.0, 0 
2979, 48475048, 99, 1, UDP, 37165.0, 0 
52864, 21582943, 17, 3, TCP, 12020.0, 0 
63508, 88815319, 89, 3, UDP, 45253.0, 0 
37144,
