pktcount, bytecount, dur, flows, Protocol, tot_kbps, label
48292, 51479272, 107, 2, UDP, 8653.0, 0
36810, 30342285, 85, 6, ICMP, 1690.0, 1
90295, 26454885, 44, 3, UDP, 8787.0, 0
27610, 78589988, 240, 8, UCP, 2218.0, 1
18293, 43337351, 201, 5, ICMP, 4259.0, 1
42095, 25832129, 162, 3, UDP, 6335.0, 0
32512, 64322006, 51, 9, ICMP, 4839.0, 0
40066, 21551871, 9, 8, UDP, 5753.0, 0
28830, 63655623, 68, 1, ICMP, 1854.0, 0
31680, 84774864, 251, 10, UDP, 3267.0, 1
55579, 28483065, 29, 7, UDP, 5348.0, 0
84709, 48442205, 72, 7, UCP, 3447.0, 0
55225, 97490827, 156, 7, ICMP, 4889.0, 1
17671, 47765113, 145, 6, UDP, 8500.0, 0
91564, 76829995, 250, 9, ICMP, 3185.0, 0
35101, 90029228, 150, 9, UDP, 9180.0, 0
42976, 53539161, 312, 10, ICMP, 2572.0, 1
85051, 26610873, 204, 6, ICMP, 1781.0, 0
87991, 62440646, 128, 2, UDP, 2478.0, 0
87959, 53297366, 116, 6, UCP, 5968.0, 1
22907, 44557836, 159, 10, ICMP, 8400.0, 0
78291, 99308922, 151, 2, ICMP, 9310.0, 1
21699, 88075923, 15, 2, UDP, 4058.0, 0
41920, 73463223, 175, 1, UCP, 2581.0, 1
97582, 97231585, 115, 3, ICMP, 8520.0, 0
10956, 62141764, 312, 1, UDP, 2584.0, 1
66863, 33426396, 217, 1, ICMP, 2338.0, 0
41721, 83780190, 12, 6, ICMP, 9836.0, 0
67703, 50134718, 21, 7, UDP, 7929.0, 0
51819, 15198733, 44, 5, UDP, 2366.0, 1
94354, 27780020, 101, 10, UCP, 6433.0, 0
48359, 76958863, 21, 4, ICMP, 6351.0, 0
40714, 51803501, 269, 2, ICMP, 3089.0, 0
78292, 27991344, 51, 5, UDP, 5156.0, 1
34700, 42564216, 56, 7, ICMP, 5387.0, 1
73161, 90818221, 89, 6, UDP, 1637.0, 0
37251, 45226080, 298, 4, UCP, 8089.0, 1
22014, 10828083, 6, 10, UCP, 5189.0, 0
98273, 57946331, 310, 5, UDP, 9136.0, 1
23343, 16138640, 84, 3, ICMP, 3146.0, 0
35645, 29543575, 299, 4, ICMP, 2643.0, 0
77377, 61318344, 33, 1, UCP, 8500.0, 1
42291, 57891786, 143, 6, ICMP, 9868.0, 0
84511, 51468668, 195, 10, ICMP, 2926.0, 1
50365, 84314185, 191, 4, UDP, 4657.0, 0
84703, 50407106, 71, 5, UDP, 5291.0, 0
70843, 93824738, 215, 1, UCP, 6920.0, 1
65610, 80172258, 56, 8, ICMP, 5727.0, 0
23214, 33952309, 241, 7, ICMP, 5957.0, 1
73904, 48492043, 220, 2, UDP, 3655.0, 0
72219, 41114506, 124, 4, ICMP, 9085.0, 0
51871, 79206306, 141, 8, UDP, 9098.0, 1
87767, 31747307, 315, 5, UDP, 8485.0, 0
87680, 14669663, 83, 5, UCP, 3827.0, 1
24347, 59789345, 188, 4, ICMP, 9277.0, 0
95002, 52508199, 4, 9, UCP, 8400.0, 0
72256, 89199745, 166, 3, UCP, 6555.0, 1
81584, 44617058, 101, 2, ICMP, 7163.0, 0
34097, 80076705, 251, 4, UDP, 6102.0, 0
59224, 16575211, 12, 9, ICMP, 9027.0, 1
47062, 55700125, 173, 7, UCP, 6164.0, 0
15317, 19337690, 299, 10, UDP, 3400.0, 0
30661, 54457607, 15, 10, ICMP, 5695.0, 0
92208, 34136940, 100, 4, ICMP, 2630.0, 1
30417, 56752533, 81, 8, ICMP, 6445.0, 0
46133, 36012481, 190, 10, UCP, 4642.0, 1
76428, 37190776, 69, 9, ICMP, 7338.0, 0
13257, 32850864, 54, 4, ICMP, 6683.0, 1
46566, 19303469, 219, 4, UCP, 3247.0, 0
77526, 77516672, 60, 2, UDP, 1408.0, 1
40222, 97707749, 52, 10, UDP, 9929.0, 0
78874, 93418220, 107, 8, UCP, 5820.0, 0
81975, 41161006, 181, 9, ICMP, 1578.0, 1
36620, 45255904, 151, 10, UDP, 5639.0, 1
35276, 37121254, 153, 1, UD, 5431.0, 0
21706, 10082317, 225, 10, ICMP, 5313.0, 0
66128, 16177445, 32, 10, ICMP, 8054.0, 1
32367, 88372692, 197, 8, UDP, 1975.0, 0
64795, 31555159, 139, 2, ICMP, 4121.0, 1
25445, 16247127, 141, 3, UDP, 5118.0, 0
50615, 92052162, 44, 7, ICMP, 4796.0, 1
90744, 57283854, 79, 5, UCP, 4548.0, 1
25347, 42737409, 305, 5, ICMP, 4884.0, 1
81872, 15904413, 20, 4, ICMP, 2180.0, 0
84440, 28837594, 24, 7, UDP, 9899.0, 0
60638, 66669242, 182, 1, UDP, 2564.0, 0
74257, 80507981, 101, 1, UCP, 8586.0, 0
10672, 55877213, 175, 2, UDP, 8658.0, 1
85673, 26479713, 8, 10, UCP, 6805.0, 0
81540, 85400561, 20, 5, UDP, 9899.0, 1
10784, 79138059, 138, 5, UCP, 8996.0, 0
20494, 70044360, 77, 8, UCP, 5241.0, 1
46715, 67169782, 9, 8, UDP, 3889.0, 0
18925, 87308447, 136, 4, ICMP, 4216.0, 0
75040, 27821995, 177, 1, UDP, 4393.0, 1
60876, 97200554, 187, 8, ICMP, 3571.0, 1
23600, 41380900, 270, 3, UCP, 4448.0, 0
37309, 51520449, 242, 3, UDP, 1843.0, 1
25020, 50958689, 118, 2, UDP, 2574.0, 0
43372, 90859115, 252, 3, ICMP, 3198.0, 1
68212, 22297297, 250, 8, UDP, 8976.0, 1
60280, 65750907, 121, 6, UDP, 6484.0, 0
72001, 14141182, 107, 8, ICCMP, 2218.0, 1
47556, 82298115, 302, 4, ICMP, 3209.0, 0
36870, 80586207, 186, 1, ICMP, 2662.0, 1
78674, 14870515, 272, 9, UDP, 6907.0, 0
94026, 46519146, 11, 5, ICMP, 8714.0, 0
383, 75819, 687, 9, UDP, 848.0, 1 
3324, 1609188, 858, 6, UDP, 9165.0, 0 
5864, 13024804, 428, 6, ICMP, 0.0, 0 
5368, 14038366, 623, 7, ICMP, 0.0, 0 
7319, 11080647, 406, 9, ICMP, 0.0, 0 
726, 631171, 883, 4, UDP, 5646.0, 0 
7145, 10303510, 962, 7, ICMP, 0.0, 0 
3907, 6125344, 309, 4, ICMP, 0.0, 0 
7391, 12662298, 674, 3, ICMP, 0.0, 0 
7264, 9112740, 415, 7, UDP, 9836.0, 1 
2589, 15529634, 595, 5, ICMP, 0.0, 0 
8123, 11694814, 633, 2, ICMP, 0.0, 0 
2752, 12118791, 326, 5, UDP, 9380.0, 1 
10791, 14540644, 536, 4, ICMP, 0.0, 0 
3599, 11806877, 814, 3, ICMP, 0.0, 0 
4962, 5064583, 209, 8, ICMP, 0.0, 0 
4818, 9223245, 916, 4, ICMP, 0.0, 0 
2526, 3822207, 716, 9, UDP, 6412.0, 0 
5016, 14778812, 780, 4, ICMP, 0.0, 0 
7173, 13768302, 604, 4, UDP, 8409.0, 0 
8241, 8292615, 878, 8, ICMP, 0.0, 0 
9337, 14707729, 982, 8, UDP, 4938.0, 0 
10687, 12189763, 337, 9, UDP, 9864.0, 0 
9968, 6819890, 874, 9, ICMP, 0.0, 0 
377, 5149571, 673, 5, UDP, 8455.0, 0 
7667, 12522439, 451, 9, ICMP, 0.0, 0 
5945, 2301542, 403, 9, ICMP, 0.0, 0 
2363, 13875003, 922, 6, UDP, 8793.0, 1 
10446, 11677649, 846, 6, ICMP, 0.0, 0 
6845, 2846396, 513, 6, UDP, 7553.0, 1 
11291, 189621, 830, 6, UDP, 5651.0, 0 
6298, 11939093, 762, 7, UDP, 6146.0, 0 
10588, 10736830, 739, 6, ICMP, 0.0, 0 
3928, 6647374, 623, 5, ICMP, 0.0, 0 
4359, 7750842, 775, 2, ICMP, 0.0, 0 
277, 10709392, 278, 7, UDP, 5524.0, 0 
2230, 65987, 943, 8, UDP, 9953.0, 0 
8323, 6004803, 560, 7, ICMP, 0.0, 0 
10480, 15274836, 811, 3, UDP, 4925.0, 1 
2224, 8646791, 743, 4, ICMP, 0.0, 0 
7478, 8150462, 711, 5, UDP, 4697.0, 0 
4847, 8094147, 772, 7, UDP, 9203.0, 0 
8853, 15998950, 470, 4, UDP, 8372.0, 0 
7194, 7261603, 990, 8, ICMP, 0.0, 0 
8561, 1073839, 534, 3, UDP, 8062.0, 0 
2208, 2650650, 999, 9, ICMP, 0.0, 0 
1781, 7704365, 343, 3, UDP, 8561.0, 0 
11680, 13191714, 490, 4, ICMP, 0.0, 0 
8544, 5025636, 216, 3, ICMP, 0.0, 0 
10978, 11364516, 880, 9, UDP, 9794.0, 1 
8858, 5918206, 808, 8, UDP, 4608.0, 1 
11718, 12906815, 894, 7, ICMP, 0.0, 0 
8017, 8164201, 995, 6, ICMP, 0.0, 0 
6335, 15215556, 334, 9, ICMP, 0.0, 0 
11007, 4091850, 955, 6, UDP, 5607.0, 1 
9685, 3051161, 366, 9, UDP, 5341.0, 0 
2218, 14642052, 282, 5, ICMP, 0.0, 0 
8026, 7979094, 111, 4, ICMP, 0.0, 0 
8359, 2410701, 176, 6, ICMP, 0.0, 0 
4192, 14115820, 532, 5, UDP, 7543.0, 0 
3306, 9164131, 782, 8, ICMP, 0.0, 0 
11067, 5138019, 388, 8, UDP, 4633.0, 0 
9261, 1707945, 631, 6, ICMP, 0.0, 0 
11185, 6384753, 497, 6, UDP, 8024.0, 1 
6095, 10856613, 578, 7, ICMP, 0.0, 0 
5091, 5694257, 441, 8, ICMP, 0.0, 0 
3718, 6853481, 709, 6, UDP, 5124.0, 1 
622, 634254, 128, 6, ICMP, 0.0, 0 
9568, 828090, 723, 7, UDP, 8444.0, 0 
4419, 5288118, 836, 4, UDP, 7577.0, 0 
8271, 7595308, 101, 6, UDP, 9247.0, 0 
10224, 14886818, 156, 4, UDP, 4643.0, 1 
10281, 16351104, 807, 7, UDP, 8004.0, 0 
3172, 7537333, 396, 9, UDP, 5818.0, 1 
1163, 10696875, 194, 9, ICMP, 0.0, 0 
4233, 9084477, 170, 4, ICMP, 0.0, 0 
10003, 2337485, 306, 4, ICMP, 0.0, 0 
9150, 4187, 537, 7, ICMP, 0.0, 0 
11434, 11667164, 194, 5, ICMP, 0.0, 0 
4313, 6090661, 599, 5, UDP, 5520.0, 0 
3175, 15280876, 213, 6, ICMP, 0.0, 0 
3765, 7391473, 480, 8, UDP, 7749.0, 0 
486, 11852048, 731, 3, ICMP, 0.0, 0 
2517, 6781654, 94, 8, UDP, 6325.0, 0 
929, 8987722, 367, 8, UDP, 4608.0, 0 
9619, 7982009, 893, 5, ICMP, 0.0, 0 
5077, 1906891, 676, 3, ICMP, 0.0, 0 
111993, 6091148, 739, 4, ICMP, 0.0, 0 
10004, 10303153, 951, 2, UDP, 5131.0, 0 
4740, 14719240, 227, 4, ICMP, 0.0, 0 
7122, 4517706, 761, 2, ICMP, 0.0, 0 
7020, 8360140, 845, 4, UDP, 7582.0, 1 
1577, 8562220, 790, 8, ICMP, 0.0, 0 
554, 3609667, 518, 9, UDP, 8359.0, 0 
9567, 12137577, 512, 2, ICMP, 0.0, 0 
10931, 4007726, 257, 2, ICMP, 0.0, 0
15719, 16379198, 50, 6, UDP, 0.0, 1
54101, 374250937, 199, 4, TCP, 0.0, 0
21230, 49564429, 331, 1, TCP, 0.0, 0
72165, 32105147, 275, 3, UDP, 0.0, 1
31433, 101469962, 437, 4, TCP, 0.0, 1
113144, 159099460, 446, 2, UDP, 0.0, 0
118117, 59628055, 15, 4, TCP, 0.0, 0
114836, 86889187, 493, 6, UDP, 0.0, 0
118636, 172506404, 83, 5, UDP, 0.0, 1
54078, 151147538, 397, 2, UDP, 0.0, 1
32671, 130440777, 403, 6, UDP, 0.0, 0
63313, 190434680, 162, 4, TCP, 0.0, 1
122576, 158880474, 95, 6, UDP, 0.0, 0
62685, 145808526, 485, 4, TCP, 0.0, 0
55707, 455137690, 120, 1, UDP, 0.0, 0
11135, 122831650, 350, 0, UDP, 0.0, 1
128625, 146459171, 376, 3, TCP, 0.0, 0
121447, 59099562, 475, 4, UDP, 0.0, 0
59884, 114797595, 80, 6, UDP, 0.0, 1
89702, 51545820, 310, 0, TCP, 0.0, 1
73988, 151271328, 334, 5, TCP, 0.0, 1
117760, 517839582, 25, 6, UDP, 0.0, 1
14954, 84761607, 413, 3, TCP, 0.0, 0
44375, 204912183, 133, 3, UDP, 0.0, 0
112804, 172266656, 206, 2, TCP, 0.0, 0
63599, 202251605, 402, 1, UDP, 0.0, 0
55651, 66383518, 45, 6, TCP, 0.0, 1
45234, 246143362, 429, 3, UDP, 0.0, 0
43228, 214070599, 229, 4, TCP, 0.0, 1
68400, 77395053, 385, 5, UDP, 0.0, 0
121783, 190373593, 332, 2, UDP, 0.0, 0
39060, 193849853, 243, 0, UDP, 0.0, 1
26519, 6872151, 498, 4, UDP, 0.0, 1
84528, 113256207, 167, 0, UDP, 0.0, 0
53360, 126714094, 24, 4, TCP, 0.0, 1
67090, 116467537, 425, 1, UDP, 0.0, 0
110389, 66028442, 448, 0, UDP, 0.0, 1
9878, 101558901, 478, 4, TCP, 0.0, 0
3922, 223362376, 338, 0, TCP, 0.0, 0
53832, 224312325, 298, 3, UDP, 0.0, 1
29461, 1660262, 315, 4, TCP, 0.0, 1
15077, 177572037, 73, 1, UDP, 0.0, 0
55692, 147218919, 389, 5, TCP, 0.0, 1
22772, 84802784, 274, 6, TCP, 0.0, 0
309, 241464776, 182, 5, UDP, 0.0, 1
141185, 158907660, 98, 5, UDP, 0.0, 1
118351, 17360628, 404, 5, TCP, 0.0, 0
37736, 217251714, 297, 6, UDP, 0.0, 0
10603, 221797138, 471, 0, UDP, 0.0, 0
56275, 135258223, 120, 6, TCP, 0.0, 1
87256, 157891791, 241, 1, TCP, 0.0, 1
147824, 122254668, 30, 0, UDP, 0.0, 0
9965, 114699651, 424, 0, TCP, 0.0, 1
138627, 155338220, 447, 3, UDP, 0.0, 0
61687, 156548718, 78, 4, UDP, 0.0, 0
50366, 209531862, 372, 4, UDP, 0.0, 0
24121, 15376225, 274, 5, TCP, 0.0, 0
31788, 170881094, 286, 3, TCP, 0.0, 0
147755, 105978848, 432, 3, TCP, 0.0, 1
20527, 214106400, 225, 1, UDP, 0.0, 0
50752, 172436569, 226, 5, TCP, 0.0, 1
106240, 125061134, 175, 2, UDP, 0.0, 0
98641, 178514754, 486, 0, UDP, 0.0, 1
88140, 234664164, 497, 0, UDP, 0.0, 1
26982, 103502639, 169, 0, TCP, 0.0, 1
111699, 126828929, 452, 6, UDP, 0.0, 0
90348, 217912646, 117, 0, UDP, 0.0, 0
101260, 242122545, 186, 0, TCP, 0.0, 1
50412, 121681228, 90, 3, UDP, 0.0, 1
6494, 224615455, 107, 4, UDP, 0.0, 1
18941, 204022451, 443, 5, UDP, 0.0, 0
128369, 118414920, 116, 3, TCP, 0.0, 0
7034, 7564856, 459, 5, UDP, 0.0, 1
45736, 80832056, 200, 2, TCP, 0.0, 1
34472, 220842132, 113, 0, UDP, 0.0, 0
118899, 106029733, 93, 4, UDP, 0.0, 0
903, 105834147, 346, 6, TCP, 0.0, 0
49920, 145378477, 142, 4, TCP, 0.0, 0
124882, 196654352, 255, 5, UDP, 0.0, 0
96658, 243611776, 398, 4, UDP, 0.0, 0
127264, 192131318, 248, 0, TCP, 0.0, 0
57356, 181580961, 281, 3, UDP, 0.0, 1
75861, 482996994, 391, 4, TCP, 0.0, 1
18384, 151878666, 411, 0, UDP, 0.0, 0
93505, 145939150, 134, 0, TCP, 0.0, 1
73925, 190972471, 189, 6, UDP, 0.0, 1
38027, 54048388, 247, 4, TCP, 0.0, 1
139963, 78409605, 192, 2, UDP, 0.0, 1
7291, 151704930, 143, 0, TCP, 0.0, 0
47639, 104093487, 12, 0, UDP, 0.0, 1
39380, 3798020, 178, 5, TCP, 0.0, 0
81064, 107920925, 15, 5, UDP, 0.0, 0
27883, 194477462, 104, 2, UDP, 0.0, 0
99570, 12431500, 31, 3, UDP, 0.0, 1
136556, 81909416, 289, 3, TCP, 0.0, 0
63123, 166208906, 479, 0, TCP, 0.0, 0
6445, 43432590, 312, 6, UDP, 0.0, 0
37873, 122204402, 439, 1, UDP, 0.0, 0
1542, 97643966, 81, 0, UDP, 0.0, 1
113237, 98459890, 106, 2, TCP, 0.0, 1
41086, 62589067, 287, 5, TCP, 0.0, 0
5900, 94906419, 492, 5, TCP, 0.0, 1
75231, 189909944, 162, 6, TCP, 0.0, 0
110576, 193226417, 390, 4, TCP, 0.0, 1
8996, 171405669, 55, 2, UDP, 0.0, 0
33387, 14308650, 59, 0, UDP, 0.0, 0
56383, 84701946, 449, 6, TCP, 0.0, 0
106777, 83182128, 212, 3, UDP, 0.0, 1
64549, 520513761, 477, 4, UDP, 0.0, 1
29372, 241437412, 68, 4, UDP, 0.0, 1
54136, 28611579, 260, 3, UDP, 0.0, 0
139094, 56649654, 424, 4, TCP, 0.0, 0
60010, 123177706, 226, 1, UDP, 0.0, 1
118267, 171208307, 272, 1, UDP, 0.0, 1
84613, 192524533, 217, 4, TCP, 0.0, 0
110323, 233433749, 422, 0, UDP, 0.0, 1
81771, 47683779, 109, 3, UDP, 0.0, 1
63518, 145808465, 446, 5, UDP, 0.0, 1
53575, 21075888, 80, 4, UDP, 0.0, 0
138680, 148084801, 216, 5, UDP, 0.0, 1
83100, 28585332, 463, 0, UDP, 0.0, 0
12082, 101369023, 133, 2, UDP, 0.0, 0
57182, 194720935, 213, 2, TCP, 0.0, 0
59227, 194557330, 156, 0, UDP, 0.0, 0
96408, 141150294, 155, 4, TCP, 0.0, 0
45585, 153719687, 81, 4, TCP, 0.0, 0
23507, 174477851, 168, 6, UDP, 0.0, 1
128386, 181429078, 488, 6, UDP, 0.0, 1
72220, 98405605, 332, 6, TCP, 0.0, 1
115067, 81455592, 479, 0, TCP, 0.0, 0
2662, 78656156, 409, 4, UDP, 0.0, 1
61958, 114684547, 303, 0, UDP, 0.0, 1
106404, 50036399, 5, 3, UDP, 0.0, 0
144566, 434713363, 66, 6, TCP, 0.0, 0
107814, 211643882, 253, 3, TCP, 0.0, 0
14781, 8794453, 255, 4, UDP, 0.0, 1
60577, 20965772, 256, 0, TCP, 0.0, 1
78726, 62418656, 480, 0, UDP, 0.0, 1
27007, 50080495, 417, 6, TCP, 0.0, 0
4371, 189438386, 203, 4, UDP, 0.0, 0
76778, 437862805, 185, 4, UDP, 0.0, 0
34400, 141301386, 250, 4, UDP, 0.0, 1
44892, 448741304, 351, 5, UDP, 0.0, 1
110516, 92082145, 123, 6, TCP, 0.0, 1
3856, 249704748, 384, 5, UDP, 0.0, 0
25647, 145574127, 483, 2, UDP, 0.0, 1
29394, 10131020, 101, 4, TCP, 0.0, 1
134223, 41738612, 276, 0, TCP, 0.0, 1
33952, 29959374, 113, 5, UDP, 0.0, 0
94683, 150255460, 476, 2, UDP, 0.0, 0
141415, 180400011, 216, 1, UDP, 0.0, 0
25774, 113312457, 394, 6, UDP, 0.0, 0
5459, 49437357, 439, 1, TCP, 0.0, 1
1408, 200954299, 197, 0, UDP, 0.0, 0
90286, 108032395, 363, 3, TCP, 0.0, 1
113213, 221915502, 491, 0, UDP, 0.0, 1
6478, 216940105, 324, 6, UDP, 0.0, 0
111119, 218455202, 142, 6, UDP, 0.0, 0
107459, 77337810, 286, 3, UDP, 0.0, 0
105039, 74533487, 382, 0, TCP, 0.0, 0
56394, 58940499, 345, 1, UDP, 0.0, 0
39113, 202214574, 323, 4, UDP, 0.0, 1
94465, 56861713, 412, 4, UDP, 0.0, 1
76414, 51401586, 238, 0, UDP, 0.0, 1
40209, 133659982, 181, 4, UDP, 0.0, 0
87403, 158437528, 223, 1, UDP, 0.0, 1
121989, 143100112, 116, 5, UDP, 0.0, 0
49065, 28777897, 377, 3, UDP, 0.0, 0
47752, 123727912, 490, 3, UDP, 0.0, 1
15006, 11209340, 21, 4, TCP, 0.0, 1
6656, 75606737, 141, 6, UDP, 0.0, 1
7576, 125060500, 44, 6, UDP, 0.0, 0
22236, 171109581, 33, 1, UDP, 0.0, 0
5350, 139947655, 114, 1, UDP, 0.0, 0
83472, 215549224, 301, 6, UDP, 0.0, 1
113209, 115763250, 131, 0, TCP, 0.0, 1
83148, 125516799, 357, 0, TCP, 0.0, 1
93676, 85000337, 10, 6, TCP, 0.0, 0
123114, 72087944, 420, 0, UDP, 0.0, 1
52673, 34020396, 516, 7, UDP, 8338.0, 0
106267, 93353231, 645, 5, UDP, 1134.0, 1
3196, 63819676, 426, 8, UDP, 2403.0, 0
430850, 44574746, 575, 3, TCP, 2730.0, 1
260264, 35325824, 809, 3, TCP, 1991.0, 0
90223, 51560074, 292, 8, UDP, 2205.0, 0
390525, 96954228, 586, 7, UDP, 9319.0, 1
329128, 27953055, 533, 6, UDP, 5834.0, 1
146730, 87737885, 419, 6, TCP, 3358.0, 0
7649, 69957567, 137, 9, UDP, 3739.0, 0
178190, 22807947, 206, 8, UDP, 8834.0, 1
776466, 88539851, 447, 3, UDP, 4187.0, 0
101046, 2362618, 75, 5, UDP, 3720.0, 1
191643, 95186109, 133, 8, UDP, 1638.0, 1
234677, 52718977, 857, 3, TCP, 8374.0, 0
462745, 84679165, 322, 8, UDP, 7662.0, 0
672086, 50663896, 746, 9, TCP, 447.0, 0
947134, 15234834, 464, 7, UDP, 4140.0, 1
838337, 48394343, 556, 6, TCP, 700.0, 0
278945, 47547583, 176, 3, TCP, 7751.0, 1
470607, 62063737, 108, 4, UDP, 2853.0, 0
696815, 24601915, 473, 9, UDP, 803.0, 1
476165, 12547112, 93, 8, TCP, 3395.0, 0
1388, 82367692, 101, 8, UDP, 3431.0, 1
535009, 32570377, 529, 9, UDP, 819.0, 1
233752, 59672006, 958, 4, TCP, 5724.0, 0
183087, 93391419, 546, 6, TCP, 4303.0, 1
438535, 8239259, 458, 6, TCP, 4156.0, 0
343772, 58368011, 193, 5, TCP, 7335.0, 1
371169, 80926053, 224, 7, UDP, 8034.0, 0
538625, 52264967, 809, 6, UDP, 5514.0, 1
205403, 39538145, 570, 7, UDP, 2317.0, 0
10175, 86494130, 226, 7, UDP, 8548.0, 1
243014, 4845662, 291, 5, TCP, 1650.0, 0
509077, 19669992, 321, 8, TCP, 6365.0, 1
559574, 12906871, 821, 4, UDP, 1166.0, 0
672718, 87363964, 312, 9, TCP, 230.0, 0
53636, 87030232, 913, 6, UDP, 388.0, 1
712771, 98863205, 994, 4, TCP, 3002.0, 0
185360, 88989653, 84, 9, UDP, 6093.0, 1
155075, 81386268, 491, 4, TCP, 2091.0, 0
530696, 63806977, 447, 7, UDP, 7688.0, 1
641805, 32927597, 995, 5, TCP, 2254.0, 0
143135, 91430679, 643, 4, TCP, 3149.0, 1
329604, 56110366, 400, 8, UDP, 643.0, 0
330377, 69000988, 675, 8, TCP, 3214.0, 1
638139, 73343752, 848, 8, TCP, 7688.0, 0
359211, 16645070, 356, 4, UDP, 630.0, 1
5 197916, 63917817, 759, 3, TCP, 6701.0, 0
693573, 25281280, 502, 6, TCP, 6489.0, 1
387267, 64840263, 367, 8, UDP, 8609.0, 0
558436, 17035037, 943, 5, TCP, 2236.0, 1
249731, 32103445, 944, 7, UDP, 8150.0, 0
153022, 60936388, 686, 7, UDP, 541.0, 1
742063, 60282132, 914, 5, UDP, 6162.0, 0
410908, 23049915, 528, 4, UDP, 1742.0, 1
352289, 97334943, 325, 3, UDP, 6438.0, 0
953327, 431106, 450, 8, UDP, 1033.0, 1
768213, 66866949, 194, 4, UDP, 9482.0, 0
500460, 42481001, 626, 5, TCP, 659.0, 1
692906, 73364349, 305, 7, UDP, 2540.0, 0
996890, 11673332, 699, 8, UDP, 3636.0, 1
911899, 23795773, 590, 5, TCP, 9201.0, 0
129456, 12030093, 181, 6, UDP, 5682.0, 1
785274, 27464113, 500, 9, UDP, 2706.0, 0
103182, 92123788, 244, 7, TCP, 7788.0, 1
65089, 19764370, 835, 5, UDP, 4713.0, 0
256115, 96095846, 996, 7, UDP, 6855.0, 1
167, 75825, 351, 5, ICMP, 2.0, 0 
342, 95906, 171, 5, ICMP, 0.0, 0 
481, 27409, 351, 5, ICMP, 2.0, 0 
383, 33163, 171, 5, ICMP, 0.0, 0 
219, 62810, 351, 5, ICMP, 2.0, 0 
661, 75127, 171, 5, ICMP, 0.0, 0 
371, 64769, 351, 5, ICMP, 2.0, 0 
689, 99032, 171, 5, ICMP, 0.0, 0 
842, 61877, 351, 5, ICMP, 2.0, 0 
825, 48296, 171, 5, ICMP, 0.0, 0 
311, 23117, 351, 5, ICMP, 2.0, 0 
241, 22405, 171, 5, ICMP, 0.0, 0 
699, 30414, 351, 5, ICMP, 2.0, 0 
866, 66051, 171, 5, ICMP, 0.0, 0 
436, 85042, 351, 5, ICMP, 2.0, 0 
639, 20819, 171, 5, ICMP, 0.0, 0 
482, 25263, 351, 5, ICMP, 2.0, 0 
429, 29986, 171, 5, ICMP, 0.0, 0 
661, 53523, 351, 5, ICMP, 2.0, 0 
664, 42245, 171, 5, ICMP, 0.0, 0 
956, 85357, 351, 5, ICMP, 2.0, 0 
968, 84319, 171, 5, ICMP, 0.0, 0 
421, 65329, 351, 5, ICMP, 2.0, 0 
580, 84541, 171, 5, ICMP, 0.0, 0 
746, 11138, 351, 5, ICMP, 2.0, 0 
671, 71860, 171, 5, ICMP, 0.0, 0 
906, 98358, 351, 5, ICMP, 2.0, 0 
606, 62451, 171, 5, ICMP, 0.0, 0 
956, 40848, 351, 5, ICMP, 2.0, 0 
199, 10471, 171, 5, ICMP, 0.0, 0 
584, 87185, 351, 5, ICMP, 2.0, 0 
320, 81499, 171, 5, ICMP, 0.0, 0 
421, 57342, 351, 5, ICMP, 2.0, 0 
739, 60128, 171, 5, ICMP, 0.0, 0 
223, 67495, 351, 5, ICMP, 2.0, 0 
902, 65003, 171, 5, ICMP, 0.0, 0 
308, 99112, 351, 5, ICMP, 2.0, 0 
460, 78320, 171, 5, ICMP, 0.0, 0 
927, 23351, 351, 5, ICMP, 2.0, 0 
370, 75958, 171, 5, ICMP, 0.0, 0 
357, 40041, 351, 5, ICMP, 2.0, 0 
624, 81905, 171, 5, ICMP, 0.0, 0 
220, 79717, 351, 5, ICMP, 2.0, 0 
266, 41491, 171, 5, ICMP, 0.0, 0 
871, 19725, 351, 5, ICMP, 2.0, 0 
839, 81481, 171, 5, ICMP, 0.0, 0 
217, 80394, 351, 5, ICMP, 2.0, 0 
362, 85003, 171, 5, ICMP, 0.0, 0 
535, 11081, 351, 5, ICMP, 2.0, 0 
575, 79006, 171, 5, ICMP, 0.0, 0 
556, 90513, 351, 5, ICMP, 2.0, 0 
897, 60076, 171, 5, ICMP, 0.0, 0 
544, 48348, 351, 5, ICMP, 2.0, 0 
210, 24947, 171, 5, ICMP, 0.0, 0 
152, 75279, 351, 5, ICMP, 2.0, 0 
808, 57732, 171, 5, ICMP, 0.0, 0 
807, 32133, 351, 5, ICMP, 2.0, 0 
309, 42389, 171, 5, ICMP, 0.0, 0 
316, 59001, 351, 5, ICMP, 2.0, 0 
540, 64880, 171, 5, ICMP, 0.0, 0 
148, 89530, 351, 5, ICMP, 2.0, 0 
976, 77502, 171, 5, ICMP, 0.0, 0 
626, 80173, 351, 5, ICMP, 2.0, 0 
788, 71818, 171, 5, ICMP, 0.0, 0 
361, 68868, 351, 5, ICMP, 2.0, 0 
212, 81278, 171, 5, ICMP, 0.0, 0 
806, 59039, 351, 5, ICMP, 2.0, 0 
906, 31634, 171, 5, ICMP, 0.0, 0 
362, 12941, 351, 5, ICMP, 2.0, 0 
133, 62607, 171, 5, ICMP, 0.0, 0 
708, 17604, 351, 5, ICMP, 2.0, 0 
907, 90746, 171, 5, ICMP, 0.0, 0 
323, 67541, 351, 5, ICMP, 2.0, 0 
287, 50532, 171, 5, ICMP, 0.0, 0 
743, 19840, 351, 5, ICMP, 2.0, 0 
544, 90107, 171, 5, ICMP, 0.0, 0 
247, 34356, 351, 5, ICMP, 2.0, 0 
225, 24035, 171, 5, ICMP, 0.0, 0 
505, 86763, 351, 5, ICMP, 2.0, 0 
278, 59871, 171, 5, ICMP, 0.0, 0 
780, 85317, 351, 5, ICMP, 2.0, 0 
469, 16963, 171, 5, ICMP, 0.0, 0 
920, 74916, 351, 5, ICMP, 2.0, 0 
647, 64753, 171, 5, ICMP, 0.0, 0 
797, 53475, 351, 5, ICMP, 2.0, 0 
535, 49093, 171, 5, ICMP, 0.0, 0 
601, 45919, 351, 5, ICMP, 2.0, 0 
943, 43331, 171, 5, ICMP, 0.0, 0 
670, 64463, 351, 5, ICMP, 2.0, 0 
436, 63366, 171, 5, ICMP, 0.0, 0 
815, 83850, 351, 5, ICMP, 2.0, 0 
517, 51506, 171, 5, ICMP, 0.0, 0 
614, 87810, 351, 5, ICMP, 2.0, 0 
265, 27455, 171, 5, ICMP, 0.0, 0 
842, 42164, 351, 5, ICMP, 2.0, 0 
465, 84894, 171, 5, ICMP, 0.0, 0 
633, 38825, 351, 5, ICMP, 2.0, 0 
479, 20963, 171, 5, ICMP, 0.0, 0 
878, 69066, 351, 5, ICMP, 2.0, 0 
312, 71223, 171, 5, ICMP, 0.0, 0 
132, 16618, 351, 5, ICMP, 2.0, 0 
957, 80497, 171, 5, ICMP, 0.0, 0 
440, 80596, 351, 5, ICMP, 2.0, 0 
689, 90479, 171, 5, ICMP, 0.0, 0 
677, 58600, 351, 5, ICMP, 2.0, 0 
639, 34322, 171, 5, ICMP, 0.0, 0 
686, 24116, 351, 5, ICMP, 2.0, 0 
809, 17202, 171, 5, ICMP, 0.0, 0 
847, 96825, 351, 5, ICMP, 2.0, 0 
946, 60906, 171, 5, ICMP, 0.0, 0 
644, 86060, 351, 5, ICMP, 2.0, 0 
848, 42785, 171, 5, ICMP, 0.0, 0 
813, 61667, 351, 5, ICMP, 2.0, 0 
323, 41626, 171, 5, ICMP, 0.0, 0 
223, 18690, 351, 5, ICMP, 2.0, 0 
738, 82709, 171, 5, ICMP, 0.0, 0 
200, 17010, 351, 5, ICMP, 2.0, 0 
597, 63539, 171, 5, ICMP, 0.0, 0 
957, 59390, 351, 5, ICMP, 2.0, 0 
509, 67931, 171, 5, ICMP, 0.0, 0 
154, 73977, 351, 5, ICMP, 2.0, 0 
675, 92148, 171, 5, ICMP, 0.0, 0 
611, 18635, 351, 5, ICMP, 2.0, 0 
530, 46485, 171, 5, ICMP, 0.0, 0 
469, 25676, 351, 5, ICMP, 2.0, 0 
953, 24249, 171, 5, ICMP, 0.0, 0 
766, 93728, 351, 5, ICMP, 2.0, 0 
207, 65944, 171, 5, ICMP, 0.0, 0 
443, 28675, 351, 5, ICMP, 2.0, 0 
176, 17376, 171, 5, ICMP, 0.0, 0 
454, 23630, 351, 5, ICMP, 2.0, 0 
397, 37700, 171, 5, ICMP, 0.0, 0 
118, 37512, 351, 5, ICMP, 2.0, 0 
364, 85991, 171, 5, ICMP, 0.0, 0 
511, 22802, 351, 5, ICMP, 2.0, 0 
684, 65577, 171, 5, ICMP, 0.0, 0 
417, 77580, 351, 5, ICMP, 2.0, 0 
939, 38587, 171, 5, ICMP, 0.0, 0 
732, 21783, 351, 5, ICMP, 2.0, 0 
420, 22124, 171, 5, ICMP, 0.0, 0 
184, 85556, 351, 5, ICMP, 2.0, 0 
227, 81607, 171, 5, ICMP, 0.0, 0 
891, 62351, 351, 5, ICMP, 2.0, 0 
697, 81895, 171, 5, ICMP, 0.0, 0 
362, 96584, 351, 5, ICMP, 2.0, 0 
812, 79963, 171, 5, ICMP, 0.0, 0 
179, 63938, 351, 5, ICMP, 2.0, 0 
508, 42387, 171, 5, ICMP, 0.0, 0 
915, 77570, 351, 5, ICMP, 2.0, 0 
347, 25711, 171, 5, ICMP, 0.0, 0 
938, 69848, 351, 5, ICMP, 2.0, 0 
159, 56286, 171, 5, ICMP, 0.0, 0 
402, 76387, 351, 5, ICMP, 2.0, 0 
617, 58352, 171, 5, ICMP, 0.0, 0 
 676, 11391, 351, 5, ICMP, 2.0, 0 
386, 48301, 171, 5, ICMP, 0.0, 0 
399, 50015, 351, 5, ICMP, 2.0, 0 
767, 63613, 171, 5, ICMP, 0.0, 0 
154, 57154, 351, 5, ICMP, 2.0, 0 
486, 12639, 171, 5, ICMP, 0.0, 0 
326, 78609, 351, 5, ICMP, 2.0, 0 
717, 83543, 171, 5, ICMP, 0.0, 0 
970, 79894, 351, 5, ICMP, 2.0, 0 
391, 49686, 171, 5, ICMP, 0.0, 0 
442, 70707, 351, 5, ICMP, 2.0, 0 
338, 76228, 171, 5, ICMP, 0.0, 0 
458, 79330, 351, 5, ICMP, 2.0, 0 
183, 62371, 171, 5, ICMP, 0.0, 0 
915, 79678, 351, 5, ICMP, 2.0, 0 
255, 91158, 171, 5, ICMP, 0.0, 0 
718, 61450, 351, 5, ICMP, 2.0, 0 
488, 38042, 171, 5, ICMP, 0.0, 0 
657, 53840, 351, 5, ICMP, 2.0, 0 
796, 73965, 171, 5, ICMP, 0.0, 0 
383, 15436, 351, 5, ICMP, 2.0, 0
94824, 101082384, 210, 5, UDP, 6457.0, 0 
68347, 77103782, 162, 11, TCP, 0.0, 0 
132857, 101047050, 267, 4, UDP, 892.0, 1 
76214, 56090798, 44, 13, UDP, 2634.0, 0 
63136, 20614502, 134, 7, TCP, 22.0, 1 
33122, 28401452, 36, 3, UDP, 5679.0, 0 
17605, 80524937, 230, 15, UDP, 3768.0, 1 
75164, 21520776, 183, 8, TCP, 56.0, 0 
54529, 16626037, 228, 17, UDP, 8894.0, 1 
26208, 86840366, 128, 12, TCP, 0.0, 1 
98198, 79698502, 220, 9, TCP, 4.0, 0 
66958, 17507300, 159, 15, UDP, 9987.0, 1 
56617, 51664924, 231, 4, UDP, 6917.0, 0 
86653, 80882853, 111, 7, TCP, 30.0, 0 
74436, 48118210, 18, 2, UDP, 1779.0, 0 
85003, 78149916, 73, 5, UDP, 6790.0, 0 
482, 93578578, 140, 13, UDP, 6223.0, 1 
91255, 66649072, 13, 3, TCP, 78.0, 0 
38284, 50317910, 118, 12, UDP, 2336.0, 1 
93717, 42453097, 35, 9, UDP, 4383.0, 1 
92514, 12737450, 195, 3, TCP, 19.0, 0 
26545, 8216621, 166, 12, TCP, 32.0, 1 
47148, 90616747, 132, 4, UDP, 1402.0, 0 
41861, 58306835, 39, 7, TCP, 7.0, 0 
36574, 12175837, 115, 18, UDP, 3146.0, 0 
99993, 38767954, 137, 5, TCP, 6.0, 1 
21618, 83590799, 241, 3, UDP, 8448.0, 1 
61980, 31865717, 167, 5, UDP, 8456.0, 0 
93988, 81630359, 159, 10, UDP, 2355.0, 0 
80181, 62542343, 226, 14, TCP, 74.0, 1 
19841, 43673989, 236, 5, UDP, 9836.0, 1 
4727, 42692277, 183, 9, TCP, 43.0, 1 
64591, 97714467, 236, 5, UDP, 2887.0, 0 
45612, 8313620, 79, 16, UDP, 9724.0, 0 
71185, 99219498, 107, 4, UDP, 4606.0, 0 
72401, 42588090, 175, 13, TCP, 87.0, 0 
24409, 21897296, 94, 9, TCP, 25.0, 1 
97664, 79366211, 77, 19, UDP, 2687.0, 0 
47859, 44838659, 136, 17, UDP, 9116.0, 1 
71181, 21759529, 206, 10, UDP, 6995.0, 1 
28563, 61663936, 109, 12, TCP, 47.0, 1 
93572, 38256054, 51, 11, UDP, 5295.0, 1 
76385, 61329971, 24, 19, TCP, 80.0, 0 
4255, 81152253, 130, 6, UDP, 8799.0, 1 
2696, 11412602, 217, 10, UDP, 4281.0, 0 
32640, 68107904, 135, 19, TCP, 63.0, 1 
92721, 16834477, 176, 13, UDP, 5103.0, 0 
95532, 50048321, 192, 9, UDP, 3719.0, 0 
44915, 80568143, 238, 15, UDP, 4703.0, 0 
35861, 49541241, 186, 2, UDP, 2193.0, 0 
99295, 54775008, 230, 7, TCP, 27.0, 0 
20698, 84146034, 72, 14, UDP, 5867.0, 1 
8056, 20035995, 254, 6, TCP, 89.0, 1 
12530, 43294699, 244, 8, UDP, 2133.0, 0 
65548, 48545873, 17, 8, TCP, 64.0, 1 
73537, 41295004, 60, 12, UDP, 8193.0, 1 
73514, 16428443, 128, 12, UDP, 3144.0, 0 
44243, 48066851, 90, 17, TCP, 0.0, 0 
41955, 55758293, 94, 3, UDP, 8794.0, 1 
94409, 77046148, 195, 4, UDP, 1670.0, 0 
64397, 71607950, 71, 2, UDP, 1337.0, 1 
63350, 63906950, 238, 8, UDP, 2253.0, 0 
75824, 88921167, 35, 12, UDP, 6173.0, 1 
53022, 28657202, 7, 5, UDP, 5926.0, 0 
20715, 32584559, 199, 17, TCP, 23.0, 0 
59574, 43924068, 64, 15, TCP, 15.0, 1 
34498, 85815547, 135, 17, TCP, 47.0, 0 
75456, 39084175, 216, 14, UDP, 9094.0, 1 
68859, 66419332, 129, 11, UDP, 2202.0, 0 
2322, 28504539, 255, 8, UDP, 9607.0, 1 
22400, 6800717, 121, 14, TCP, 9.0, 0 
57489, 20167387, 222, 17, TCP, 82.0, 1 
71377, 57858809, 220, 17, TCP, 50.0, 1 
48372, 101144563, 68, 17, UDP, 5300.0, 0 
82563, 79554572, 220, 8, UDP, 8255.0, 0 
18541, 22283361, 128, 4, UDP, 6848.0, 1 
99337, 73755551, 14, 6, UDP, 9737.0, 0 
81108, 89441227, 55, 17, UDP, 1220.0, 1 
84755, 41940212, 120, 6, UDP, 8440.0, 0 
64710, 64172012, 146, 4, UDP, 6093.0, 0 
84888, 76251698, 125, 6, TCP, 49.0, 0 
8755, 10279881, 19, 3, UDP, 2909.0, 0 
38870, 17966265, 214, 14, TCP, 52.0, 0 
44119, 24111477, 12, 7, UDP, 7642.0, 0 
76645, 61576751, 38, 9, TCP, 70.0, 0 
60752, 3935403, 187, 13, UDP, 7438.0, 0 
12707, 61606499, 200, 6, UDP, 5168.0, 1 
76719, 2225520, 8, 11, UDP, 1570.0, 1 
53918, 27280304, 90, 12, TCP, 5.0, 0 
84923, 96860098, 233, 15, UDP, 8073.0, 1 
49285, 75009512, 36, 3, UDP, 5820.0, 1 
94768, 25564213, 211, 14, UDP, 3463.0, 1 
73308, 21410008, 158, 4, UDP, 8727.0, 0 
78435, 55045291, 227, 3, UDP, 7931.0, 0 
90570, 15836641, 181, 18, TCP, 78.0, 0 
44688, 28718541, 55, 12, UDP, 2442.0, 0 
34137, 42815000, 200, 12, UDP, 2245.0, 1 
168, 53097460, 216, 9, TCP, 38.0, 0 
61519, 87043781, 131, 16, UDP, 7143.0, 0 
36139, 71751493, 208, 19, UDP, 4160.0, 0 
15594, 83346152, 128, 7, TCP, 88.0, 1 
16711, 60240657, 228, 5, UDP, 9579.0, 0 
8202, 78181724, 158, 19, UDP, 7501.0, 1 
2985, 85732318, 5, 17, TCP, 80.0, 0 
32361, 42910292, 86, 2, UDP, 6704.0, 0 
59508, 11496958, 44, 15, TCP, 14.0, 0 
18272, 75996768, 85, 13, UDP, 3579.0, 1 
35297, 48789087, 234, 5, UDP, 5880.0, 0 
61169, 6990007, 245, 2, TCP, 95.0, 0 
67319, 44699023, 220, 5, UDP, 3451.0, 0 
37246, 75288554, 229, 9, TCP, 19.0, 0
637, 62230, 655, 3, ICMP, 0.0, 0 
126295, 134627274, 282, 4, UDP, 0.0, 0 
629, 62230, 641, 3, ICMP, 0.0, 0 
126298, 134627276, 284, 4, UDP, 0.0, 0 
637, 62230, 655, 3, ICMP, 0.0, 0 
126301, 134627278, 286, 4, UDP, 0.0, 0 
628, 62230, 640, 3, ICMP, 0.0, 0 
126304, 134627280, 288, 4, UDP, 0.0, 0 
632, 62230, 648, 3, ICMP, 0.0, 0 
126307, 134627282, 290, 4, UDP, 0.0, 0 
637, 62230, 655, 3, ICMP, 0.0, 0 
126310, 134627284, 292, 4, UDP, 0.0, 0 
637, 62230, 655, 3, ICMP, 0.0, 0 
126313, 134627286, 294, 4, UDP, 0.0, 0 
637, 62230, 655, 3, ICMP, 0.0, 0 
126316, 134627288, 296, 4, UDP, 0.0, 0 
633, 62230, 649, 3, ICMP, 0.0, 0 
126319, 134627290, 298, 4, UDP, 0.0, 0 
635, 62230, 651, 3, ICMP, 0.0, 0 
126322, 134627292, 300, 4, UDP, 0.0, 0 
637, 62230, 655, 3, ICMP, 0.0, 0 
126325, 134627294, 302, 4, UDP, 0.0, 0 
629, 62230, 641, 3, ICMP, 0.0, 0 
126328, 134627296, 304, 4, UDP, 0.0, 0 
637, 62230, 655, 3, ICMP, 0.0, 0 
126331, 134627298, 306, 4, UDP, 0.0, 0 
632, 62230, 648, 3, ICMP, 0.0, 0 
126334, 134627300, 308, 4, UDP, 0.0, 0 
636, 62230, 653, 3, ICMP, 0.0, 0 
126337, 134627302, 310, 4, UDP, 0.0, 0 
637, 62230, 655, 3, ICMP, 0.0, 0 
126340, 134627304, 312, 4, UDP, 0.0, 0 
633, 62230, 649, 3, ICMP, 0.0, 0 
126343, 134627306, 314, 4, UDP, 0.0, 0 
630, 62230, 643, 3, ICMP, 0.0, 0 
126346, 134627308, 316, 4, UDP, 0.0, 0 
631, 62230, 645, 3, ICMP, 0.0, 0 
126349, 134627310, 318, 4, UDP, 0.0, 0 
637, 62230, 655, 3, ICMP, 0.0, 0 
126352, 134627312, 320, 4, UDP, 0.0, 0 
629, 62230, 641, 3, ICMP, 0.0, 0 
126355, 134627314, 322, 4, UDP, 0.0, 0 
634, 62230, 650, 3, ICMP, 0.0, 0 
126358, 134627316, 324, 4, UDP, 0.0, 0 
628, 62230, 640, 3, ICMP, 0.0, 0 
126361, 134627318, 326, 4, UDP, 0.0, 0 
637, 62230, 655, 3, ICMP, 0.0, 0 
126364, 134627320, 328, 4, UDP, 0.0, 0 
635, 62230, 651, 3, ICMP, 0.0, 0 
126367, 134627322, 330, 4, UDP, 0.0, 0 
636, 62230, 653, 3, ICMP, 0.0, 0 
126370, 134627324, 332, 4, UDP, 0.0, 0 
637, 62230, 655, 3, ICMP, 0.0, 0 
126373, 134627326, 334, 4, UDP, 0.0, 0 
631, 62230, 645, 3, ICMP, 0.0, 0 
126376, 134627328, 336, 4, UDP, 0.0, 0 
632, 62230, 648, 3, ICMP, 0.0, 0 
126379, 134627330, 338, 4, UDP, 0.0, 0 
632, 62230, 648, 3, ICMP, 0.0, 0 
126382, 134627332, 340, 4, UDP, 0.0, 0 
637, 62230, 655, 3, ICMP, 0.0, 0 
126385, 134627334, 342, 4, UDP, 0.0, 0 
631, 62230, 645, 3, ICMP, 0.0, 0 
126388, 134627336, 344, 4, UDP, 0.0, 0 
635, 62230, 651, 3, ICMP, 0.0, 0 
126391, 134627338, 346, 4, UDP, 0.0, 0 
637, 62230, 655, 3, ICMP, 0.0, 0 
126394, 134627340, 348, 4, UDP, 0.0, 0 
636, 62230, 653, 3, ICMP, 0.0, 0 
126397, 134627342, 350, 4, UDP, 0.0, 0 
637, 62230, 655, 3, ICMP, 0.0, 0 
126400, 134627344, 352, 4, UDP, 0.0, 0 
634, 62230, 650, 3, ICMP, 0.0, 0 
126403, 134627346, 354, 4, UDP, 0.0, 0 
629, 62230, 641, 3, ICMP, 0.0, 0 
126406, 134627348, 356, 4, UDP, 0.0, 0 
637, 62230, 655, 3, ICMP, 0.0, 0 
126409, 134627350, 358, 4, UDP, 0.0, 0 
628, 62230, 640, 3, ICMP, 0.0, 0 
126412, 134627352, 360, 4, UDP, 0.0, 0 
637, 62230, 655, 3, ICMP, 0.0, 0 
126415, 134627354, 362, 4, UDP, 0.0, 0 
636, 62230, 653, 3, ICMP, 0.0, 0 
126418, 134627356, 364, 4, UDP, 0.0, 0 
632, 62230, 648, 3, ICMP, 0.0, 0 
126421, 134627358, 366, 4, UDP, 0.0, 0 
633, 62230, 649, 3, ICMP, 0.0, 0 
126424, 134627360, 368, 4, UDP, 0.0, 0 
635, 62230, 651, 3, ICMP, 0.0, 0 
126427, 134627362, 370, 4, UDP, 0.0, 0 
637, 62230, 655, 3, ICMP, 0.0, 0 
126430, 134627364, 372, 4, UDP, 0.0, 0 
637, 62230, 655, 3, ICMP, 0.0, 0 
126433, 134627366, 374, 4, UDP, 0.0, 0 
636, 62230, 653, 3, ICMP, 0.0, 0 
126436, 134627368, 376, 4, UDP, 0.0, 0 
637, 62230, 655, 3, ICMP, 0.0, 0 
126439, 134627370, 378, 4, UDP, 0.0, 0 
634, 62230, 650, 3, ICMP, 0.0, 0 
126442, 134627372, 380, 4, UDP, 0.0, 0 
630, 62230, 643, 3, ICMP, 0.0, 0 
126445, 134627374, 382, 4, UDP, 0.0, 0 
637, 62230, 655, 3, ICMP, 0.0, 0 
126448, 134627376, 384, 4, UDP, 0.0, 0 
636, 62230, 653, 3, ICMP, 0.0, 0 
126451, 134627378, 386, 4, UDP, 0.0, 0 
633, 62230, 649, 3, ICMP, 0.0, 0 
126454, 134627380, 388, 4, UDP, 0.0, 0 
637, 62230, 655, 3, ICMP, 0.0, 0 
126457, 134627382, 390, 4, UDP, 0.0, 0 
631, 62230, 645, 3, ICMP, 0.0, 0 
126460, 134627384, 392, 4, UDP, 0.0, 0 
637, 62230, 655, 3, ICMP, 0.0, 0 
126463, 134627386, 394, 4, UDP, 0.0, 0 
637, 62230, 655, 3, ICMP, 0.0, 0 
126466, 134627388, 396, 4, UDP, 0.0, 0 
634, 62230, 650, 3, ICMP, 0.0, 0 
126469, 134627390, 398, 4, UDP, 0.0, 0 
637, 62230, 655, 3, ICMP, 0.0, 0 
126472, 134627392, 400, 4, UDP, 0.0, 0
import random

for _ in range(10000):
    x1 = random.randint(0, 1000000)
    x2 = random.randint(0, 15000000)
    x3 = random.randint(0,1000)
    x4 = random.randint(0, 10)
    x5 = random.choice(["TCP","UDP"])
    x6 = random.uniform(0, 10000)
    x7 = random.randint(0, 1)

    print(f'{x1}, {x2}, {x3}, {x4}, {x5}, {x6}, {x7}')
545, 53410, 558, 5, ICMP, 2.0, 0
772, 75656, 791, 11, ICMP, 6.0, 0
174, 15432, 220, 7, UDP, 3.2, 0
92, 24956, 346, 4, TCP, 5.0, 1
919, 53562, 548, 14, ICMP, 8.0, 0
809, 41349, 890, 8, ICMP, 1.2, 0
584, 98745, 873, 16, ICMP, 10.0, 0
143, 31100, 675, 11, TCP, 1.4, 1
753, 65893, 695, 13, UDP, 4.2, 0
631, 48128, 551, 6, ICMP, 9.2, 0
334, 85628, 469, 3, ICMP, 5.3, 0
742, 57208, 863, 15, TCP, 1.5, 0
518, 85764, 293, 7, TCP, 3.4, 0
254, 24720, 862, 14, TCP, 8.3, 0
593, 16852, 596, 8, UDP, 6.0, 0
571, 18817, 550, 9, TCP, 7.2, 1
181, 89721, 310, 17, ICMP, 2.4, 0
572, 63976, 946, 6, TCP, 2.5, 0
837, 84424, 915, 9, ICMP, 4.2, 0
476, 47040, 503, 19, UDP, 9.3, 0
716, 38216, 347, 12, ICMP, 4.2, 0
677, 13930, 381, 19, TCP, 9.4, 0
329, 56004, 782, 17, UDP, 5.3, 0
749, 39250, 964, 15, ICMP, 2.0, 0
359, 67660, 938, 15, UDP, 3.0, 0
845, 27804, 862, 12, ICMP, 8.2, 0
458, 82136, 637, 16, ICMP, 5.2, 0
767, 89537, 288, 4, TCP, 7.3, 0
91, 93720, 930, 17, ICMP, 1.3, 0
544, 10504, 392, 9, TCP, 2.4, 1
973, 87217, 495, 18, UDP, 6.2, 0
934, 89989, 732, 5, TCP, 9.0, 0
968, 53664, 467, 8, ICMP, 1.4, 0
967, 16092, 969, 7, ICMP, 3.1, 0
449, 12281, 446, 10, ICMP, 1.3, 0
168, 42776, 478, 6, ICMP, 2.4, 0
163, 10944, 117, 6, ICMP, 3.5, 0
871, 50472, 847, 14, TCP, 4.5, 1
957, 74092, 712, 10, ICMP, 10.0, 0
483, 84712, 342, 5, TCP, 4.0, 0
317, 59419, 977, 3, ICMP, 6.4, 0
815, 46214, 990, 17, UDP, 3.3, 0
903, 59435, 990, 8, UDP, 8.3, 0
157, 66419, 714, 3, ICMP, 5.0, 0
239, 36547, 499, 13, ICMP, 10.0, 0
494, 70942, 488, 12, ICMP, 7.3, 0
348, 59960, 498, 6, TCP, 5.5, 1
638, 15017, 576, 14, ICMP, 3.0, 0
845, 11477, 658, 16, TCP, 4.1, 0
766, 46161, 837, 11, ICMP, 9.4, 0
559, 36614, 953, 18, TCP, 5.1, 1
319, 28266, 741, 14, UDP, 8.4, 0
206, 39014, 904, 19, ICMP, 9.5, 0
241, 24637, 758, 8, TCP, 6.0, 0
242, 87541, 327, 11, ICMP, 8.5, 0
757, 65753, 412, 12, UDP, 7.2, 0
893, 16701, 717, 9, TCP, 9.4, 0
778, 81225, 205, 17, UDP, 4.5, 0
447, 97551, 528, 9, ICMP, 6.4, 0
644, 54193, 355, 10, ICMP, 4.2, 0
771, 79520, 990, 4, UDP, 8.1, 0
717, 70048, 618, 16, TCP, 5.5, 0
914, 11103, 590, 8, TCP, 7.3, 1
212, 62055, 774, 17, ICMP, 10.0, 0
439, 48505, 201, 16, ICMP, 2.5, 0
966, 88375, 589, 13, ICMP, 7.4, 0
718, 34325, 273, 17, UDP, 7.2, 0
410, 81130, 349, 4, ICMP, 6.1, 0
906, 50190, 575, 17, TCP, 2.3, 0
754, 25369, 954, 14, ICMP, 7.3, 0
677, 76318, 160, 17, TCP, 9.5, 0
170, 88135, 233, 17, UDP, 5.3, 0
975, 42135, 271, 14, UDP, 2.3, 0
800, 48845, 486, 7, UDP, 5.0, 0
163, 18785, 759, 12, TCP, 8.2, 0
322, 55879, 273, 11, ICMP, 5.0, 0
436, 91528, 741, 15, TCP, 3.5, 0
964, 66502, 627, 5, UDP, 4.3, 0
244, 14742, 131, 16, ICMP, 6.3, 0
885, 83776, 684, 8, ICMP, 1.4, 0
728, 42000, 280, 16, ICMP, 4.0, 0
547, 81473, 691, 7, UDP, 10.0, 0
870, 24302, 896, 12, ICMP, 1.3, 0
139, 24169, 137, 17, UDP, 4.2, 0
153, 43745, 764, 14, UDP, 3.3, 0
190, 43345, 998, 4, TCP, 8.4, 1
335, 14185, 620, 10, ICMP, 1.3, 0
222, 40469, 909, 18, TCP, 1.3, 0
840, 87500, 499, 9, ICMP, 2.3, 0
245, 73225, 509, 7, ICMP, 8.1, 0
625, 50699, 935, 11, ICMP, 4.2, 0
729, 56349, 740, 10, ICMP, 4.3, 0
746, 43316, 332, 4, UDP, 6.3, 0
863, 38769, 578, 13, TCP, 7.1, 1
217, 58132, 343, 9, TCP, 5.2, 1
821, 24261, 501, 7, ICMP, 10.0, 0
240, 82077, 728, 9, ICMP, 5.4, 0
323, 65462, 272, 5, TCP, 9.0, 0
799, 34348, 445, 8, ICMP, 8.3, 0
652, 93503, 177, 4, ICMP, 4.0, 0
734, 15452, 265, 8, TCP, 5.1, 0
979, 99021, 662, 10, UDP, 7.3, 0
988, 36188, 489, 8, ICMP, 3.0, 0
900, 19258, 538, 10, UDP, 1.4, 0
119, 64865, 393, 4, ICMP, 4.1, 0
772, 95176, 374, 8, TCP, 8.4, 0
572, 73193, 542, 8, TCP, 3.3, 0
307, 37500, 991, 4, UDP, 3.1, 0
399, 36903, 709, 16, UDP, 2.4, 0
860, 70084, 793, 13, UDP, 8.3, 0
705, 88681, 224, 19, UDP, 8.1, 0
716, 93814, 607, 9, ICMP, 6.0, 0
203, 50590, 946, 6, TCP, 4.5, 0
780, 28392, 441, 14, ICMP, 1.1, 0
229, 77271, 346, 16, ICMP, 8.2, 0
356, 35996, 908, 6, TCP, 4.4, 0
717, 72564, 847, 10, TCP, 9.3, 1
385, 27037, 114, 18, ICMP, 10.0, 0
192, 15368, 303, 14, UDP, 7.5, 0
653, 61875, 486, 9, UDP, 9.2, 0
108, 83007, 484, 14, ICMP, 9.3, 0
233, 30843, 600, 11, ICMP, 1.2, 0
399, 97703, 800, 7, ICMP, 2.4, 0
893, 99522, 439, 16, UDP, 3.5, 0
697, 79146, 298, 17, UDP, 2.4, 0
306, 22919, 312, 4, UDP, 2.3, 0
919, 93589, 382, 12, ICMP, 9.4, 0
357, 15121, 999, 7, TCP, 6.2, 0
688, 47920, 689, 11, UDP, 4.4, 0
671, 13813, 617, 12, UDP, 3.3, 0
143, 46319, 714, 8, UDP, 6.5, 0
827, 72925, 588, 8, ICMP, 4.2, 0
845, 62840, 347, 11, ICMP, 1.3, 0
238, 18807, 285, 7, ICMP, 4.0, 0
992, 56451, 896, 4, TCP, 8.1, 1
129, 45153, 941, 19, TCP, 4.2, 1
426, 67361, 475, 10, UDP, 5.3, 0
249, 84224, 932, 14, ICMP, 9.3, 0
183, 55320, 855, 17, ICMP, 8.4, 0
241, 51501, 808, 5, ICMP, 5.1, 0
964, 63571, 440, 4, UDP, 3.0, 0
457, 93818, 773, 11, ICMP, 6.3, 0
921, 71607, 220, 19, ICMP, 2.0, 0
851, 14770, 693, 3, ICMP, 7.4, 0
777, 15911, 161, 4, ICMP, 3.1, 0
839, 19180, 439, 17, TCP, 10.0, 0
990, 11512, 279, 12, UDP, 4.0, 0
597, 90594, 548, 4, UDP, 5.0, 0
517, 29730, 305, 3, ICMP, 8.3, 0
271, 97245, 320, 9, ICMP, 7.5, 0
555, 57610, 552, 17, UDP, 1.0, 0
366, 43767, 565, 18, UDP, 3.2, 0
508, 71208, 727, 3, ICMP, 9.5, 0
651, 46315, 923, 7, ICMP, 3.2, 0
321, 54129, 519, 7, UDP, 5.3, 0
232, 98002, 685, 13, ICMP, 10.0, 0
275, 56213, 443, 8, TCP, 2.1, 0
487, 65399, 114, 8, TCP, 10.0, 0
323, 83705, 597, 13, UDP, 6.2, 0
550, 15228, 834, 5, TCP, 2.0, 0
699, 51713, 905, 10, UDP, 4.3, 0
310, 27998, 161, 11, UDP, 5.2, 0
273, 31012, 559, 11, TCP, 1.1, 1
241, 62259, 869, 11, TCP, 6.3, 0
874, 93592, 343, 4, UDP, 10.0, 0
582, 27645, 101, 6, ICMP, 8.4, 0
967, 30847, 646, 7, UDP, 4.2, 0
134, 22979, 370, 14, ICMP, 4.0, 0
237, 14879, 945, 4, TCP, 4.4, 0
865, 83752, 570, 9, UDP, 7.3, 0
608, 69304, 639, 4, TCP, 4.2, 0
153, 47744, 469, 8, ICMP, 3.2, 0
543, 85149, 313, 6, UDP, 8.2, 0
454, 16070, 777, 10, ICMP, 2.2, 0
465, 34803, 134, 3, ICMP, 4.5, 0
706, 59998, 766, 11, UDP, 8.0, 0
899, 19384, 619, 7, TCP, 6.3, 0
264, 34544, 822, 18, UDP, 1.3, 0 
725, 93390, 890, 4, UDP, 4.3, 0
672, 93527, 258, 10, ICMP, 1.4, 0
434, 98090, 223, 16, ICMP, 3.1, 0
417, 37799, 462, 8, TCP, 9.3, 1
539, 91699, 518, 17, TCP, 6.1, 0
307, 61834, 349, 8, ICMP, 8.5, 0
431, 63874, 250, 9, ICMP, 4.4, 0
315, 32605, 835, 7, ICMP, 5.5, 0
428, 68254, 274, 4, UDP, 10.0, 0
787, 17183, 194, 4, UDP, 8.4, 0
799, 62043, 837, 19, TCP, 10.0, 0
182, 12654, 986, 15, ICMP, 5.3, 0
830, 92296, 111, 6, TCP, 5.4, 0
461, 53340, 210, 14, ICMP, 1.3, 0
906, 51717, 142, 14, ICMP, 9.3, 0
452, 67633, 800, 16, ICMP, 7.5, 0
