pktcount, bytecount, dur, flows, Protocol, tot_kbps, label
37122, 52709951, 378, 0, ICMP, 114.0, 0
47625, 920759076, 227, 1, ICMP, 3920.0, 1
37134, 825179074, 140, 2, TCP, 162.0, 0
301, 54269427, 33, 3, UDP, 4562.0, 1
19266, 195334194, 471, 0, ICMP, 1609.0, 0
2427, 50761063, 191, 5, UDP, 3666.0, 1
106325, 112398630, 455, 0, UDP, 5277.0, 1
81897, 829923835, 172, 2, ICMP, 4270.0, 0
68034, 32294146, 233, 1, TCP, 2032.0, 1

14113, 608369792, 422, 4, ICMP, 4737.0, 0
2439, 346039287, 166, 3, ICMP, 3689.0, 1
88841, 946303688, 382, 0, TCP, 2795.0, 0
18445, 283386964, 397, 0, UDP, 5178.0, 1
22813, 63716021, 316, 5, UDP, 5594.0, 1
67994, 246168584, 142, 4, TCP, 2804.0, 0
72152, 624687776, 271, 0, UDP, 4587.0, 1
31751, 887661790, 197, 3, ICMP, 1070.0, 0
90168, 703742980, 114, 4, TCP, 586.0, 1
78408, 802341995, 180, 1, ICMP, 3654.0, 0
98273, 6486294, 308, 3, TCP, 2809.0, 1 
131103, 135568094, 980, 13, ICMP, 2556.0, 1 
193605, 71793412, 884, 12, TCP, 2034.0, 0 
595471, 185458825, 264, 8, ICMP, 1586.0, 0 
243614, 184993909, 802, 10, TCP, 2508.0, 1 
669714, 283349635, 899, 11, ICMP, 1968.0, 0 
991181, 325471405, 507, 5, TCP, 2594.0, 1 
243613, 489232526, 618, 6, ICMP, 1620.0, 1 
676888, 658201919, 861, 12, TCP, 2080.0, 0 
956767, 786925212, 339, 3, ICMP, 2831.0, 0 
693263, 834410070, 658, 7, TCP, 2768.0, 1 
290718, 922852728, 593, 6, ICMP, 2072.0, 1 
697287, 967282574, 874, 11, TCP, 2873.0, 0 
271756, 987018433, 496, 4, ICMP, 1786.0, 0 
898451, 993160224, 799, 9, TCP, 2334.0, 1 
310461, 919334491, 987, 13, ICMP, 2861.0, 0 
561865, 698820572, 945, 12, TCP, 1809.0, 1 
894680, 559618083, 663,7, ICMP, 1787.0, 1
504784, 362121130, 392, 4, TCP, 2090.0, 0 
686590, 945066032, 764, 9, ICMP, 2435.0, 0 
108631, 379811758, 842, 11, TCP, 1809.0, 1 
180916, 1564929, 859, 11, ICMP, 1637.0, 1 
772865, 14612861, 343, 3, TCP, 1659.0, 0 
747387, 59303357, 264, 8, ICMP, 2539.0, 0 
595933, 72550211, 646, 7, TCP, 1981.0, 1 
851673, 418563090, 942, 12, ICMP, 2760.0, 0 
632726, 608681325, 876, 11, TCP, 2495.0, 1 
607294, 998809398, 837, 10, ICMP, 1634.0, 1 
721102, 671385130, 866, 11, TCP, 2927.0, 0 
724011, 165077233, 793, 10, ICMP, 2179.0, 0 
392741, 243284811, 643, 7, TCP, 2624.0, 1 
342245, 920072474, 545, 5, ICMP, 1798.0, 0 
692708, 20459774, 695, 8, TCP, 1818.0, 0 
542518, 977674166, 470, 5, ICMP, 2810.0, 0 
129901, 393095510, 812, 11, TCP, 2821.0, 1 
973971, 365007514, 674, 8, ICMP, 2206.0, 1 
328794, 252507231, 467, 5, TCP, 1619.0, 0 
997890, 594497430, 396, 4, ICMP, 2826.0, 0 
484112, 241211967, 639, 7, TCP, 2563.0, 0 
236277, 37027933, 905, 12, ICMP, 1511.0, 0 
635756, 416265104, 457, 5, TCP, 1788.0, 1 
692337, 85366821, 537, 5, ICMP, 2428.0, 1 
629101, 897400966, 841, 11, TCP, 2338.0, 0 
681111, 312132781, 514, 5, ICMP, 2830.0, 0 
689273, 773596877, 780, 9, TCP, 2741.0, 1 
635813, 813608817, 633, 6, ICMP, 2463.0, 1 
480346, 77161747, 480, 4, TCP, 1711.0, 0 
865916, 105863007, 917, 12, ICMP, 2724.0, 0 
956710, 513253653, 952, 13, TCP, 2389.0, 1 
472263, 273489158, 795, 10, ICMP, 2069.0, 0 
914545, 679117595, 877, 11, TCP, 2179.0, 1 
311198, 800543003, 884, 11, ICMP, 1610.0, 1 
495156, 953103635, 963, 13, TCP, 1607.0, 0 
760401, 710713924, 717, 8, ICMP, 2248.0, 1 
709347, 248422088, 444, 4, TCP, 2684.0, 0 
388362, 170201640, 651, 7, ICMP, 2134.0, 0 
255124, 836495890, 847, 11, TCP, 2437.0, 1 
863883, 189548241, 489, 4, ICMP, 2793.0, 0 
975190, 60363578, 499, 5, TCP, 1917.0, 0 
778945, 812456615, 347, 3, ICMP, 1516.0, 1 
597245, 493720224, 631, 6, TCP, 2183.0, 1 
632978, 548681801, 416, 4, ICMP, 2424.0, 0 
778594, 747569930, 890, 12, TCP, 2215.0, 0 
504379, 536482453, 714, 8, ICMP, 1701.0, 1 
601087, 204792402, 690, 8, TCP, 1621.0, 1 
650303, 579246406, 669, 8, ICMP, 1527.0, 0 
362774, 113323146, 852, 11, TCP, 2327.0, 1 
914256, 519400631, 647, 7, ICMP, 2152.0, 1 
502090, 615250090, 371, 3, TCP, 2126.0, 0 
907604, 878564780, 947, 13, ICMP, 2248.0, 0 
880317, 80197746, 740, 9, TCP, 2344.0, 0 
680039, 576857488, 813, 10, ICMP, 2059.0, 1 
378913, 13379641, 745, 9, TCP, 2705.0, 1 
165673, 655209924, 909, 12, ICMP, 2555.0, 0 
370112, 621488469, 398, 4, TCP, 1872.0, 0 
882469, 994514053, 600, 6, ICMP, 2586.0, 1 
404532, 720134712, 681, 8, TCP, 2541.0, 0 
256369, 811151997, 476, 4, ICMP, 1636.0, 1 
587261, 754450475, 609, 6, TCP, 2252.0, 1 
906233, 507438978, 619, 7, ICMP, 2843.0, 0 
135701, 568279115, 905, 12, TCP, 2818.0, 0 
507129, 347096717, 345, 3, ICMP, 1578.0, 0 
473198, 339365461, 841, 10, TCP, 2032.0, 1 
192023, 830823738, 886, 12, ICMP, 1817.0, 1 
122103, 295106452, 496, 5, TCP, 2886.0, 0 
181712, 581192018, 319, 3, ICMP, 2725.0, 0 
206509, 994720482, 537, 5, TCP, 1703.0, 1 
723804, 406279819, 844, 11, ICMP, 2832.0, 0 
846507, 518317371, 421, 4, TCP, 2847.0, 1 
244382, 221170346, 702, 8, ICMP, 2390.0, 0 
635657, 420148599, 568, 6, TCP, 1824.0, 0 
841269, 373451044, 451, 4, ICMP, 1666.0, 1 
958588, 78045700, 493, 4, TCP, 2706.0, 1 
928137, 281858880, 817, 10, ICMP, 1840.0, 0 
761656, 766758617, 556, 5, TCP, 2716.0, 0 
169184, 422177318, 863, 11, ICMP, 1676.0, 1 
474434, 844270326, 685, 8, TCP, 1527.0, 0 
684119, 669373165, 934, 12, ICMP, 1851.0, 0 
248920, 125891046, 569, 6, TCP, 2603.0, 1 
428418, 949066367, 375, 4, ICMP, 1912
68313, 449088731, 59, 4, TCP, 4.7, 0
80291, 71588290, 124, 3, TCP, 12.2, 0
96645, 130892298, 234, 5, UDP, 3.3, 1 
34288, 264653177, 283, 4, TCP, 8.5, 0
19185, 149317916, 84, 3, UDP, 534.1, 1
66941, 212161931, 11, 6, UDP, 8.3, 1 
11752, 274877812, 145, 6, TCP, 6.2, 0 
82225, 41260409, 171, 5, TCP, 7.6, 0 
30629, 192206569, 110, 3, UDP, 15.7, 1 
79011, 87353753, 123, 4, TCP, 3.3, 1
41708, 48201944, 73, 19, TCP, 9.0, 0 
47433, 49425186, 14, 4, ICMP, 902.0, 1 
95002, 32977565, 22, 9, TCP, 6.0, 0 
39323, 32128018, 97, 3, ICMP, 820.0, 1 
55918, 15380880, 172, 2, TCP, 1.0, 0 
58514, 22480770, 127, 5, ICMP, 6221.0, 1 
76474, 10212910, 147, 7, TCP, 2.0, 0 
57159, 32836413, 139, 17, ICMP, 5170.0, 1 
97633, 2113115, 77, 9, TCP, 4.0, 0 
12489, 2740877, 160, 8, ICMP, 836.0, 1
23234, 112232, 74, 4, UDP, 0.0, 1
19282, 102019, 97, 7, ICMP, 0.0, 0
52129, 81012, 19, 5, ICMP, 0.0, 0
12182, 111122, 32, 8, UDP, 0.0, 1
71219, 62222, 31, 3, ICMP, 0.0, 0
95118, 193920, 43, 9, UDP, 0.0, 1
28119, 1230922, 39, 6, UDP, 0.0, 1
45989, 11122, 28, 7, ICMP, 0.0, 0
93001, 131902, 15, 4, ICMP, 0.0, 0 
32192, 190222, 63, 3, UDP, 0.0, 1 
76547, 133910, 82, 8, UDP, 0.0, 1
16391, 129129, 24, 9, ICMP, 0.0, 0
55192, 16222, 42, 4, ICMP, 0.0, 0
39489, 139190, 96, 6, UDP, 0.0, 1
68138, 11602, 61, 6, ICMP, 0.0, 0
33011, 188920, 79, 4, ICMP, 0.0, 0

67255, 190391, 12, 9, UDP, 0.0, 1
19255, 192810, 71, 4, ICMP, 0.0, 0
75113, 19372, 04, 7, UDP, 0.0, 1
94311, 192021, 22, 3, ICMP, 0.0, 0
48162, 12201, 30, 7, ICMP, 0.0, 0
71838, 199122, 88, 3, UDP, 0.0, 1
13212, 101182, 18, 8, ICMP, 0.0, 0
45412, 12810, 47, 5, ICMP, 0.0, 0
38231, 17313, 93, 8, UDP, 0.0, 1
64519, 102091, 05, 6, ICMP, 0.0, 0 
58392, 18490, 37, 3, ICMP, 0.0, 0 
93714, 1020912, 67, 8, UDP, 0.0, 1
21129, 19222, 97, 5, ICMP, 0.0, 0
81547, 19223, 73, 4, ICMP, 0.0, 0
31910, 179012, 21, 6, ICMP, 0.0, 0
25931, 139922, 59, 3, UDP, 0.0, 1
 
24151, 12910, 14, 9, ICMP, 0.0, 0
18191, 1011019, 46, 5, UDP, 0.0, 1
97515, 121201, 06, 8, ICMP, 0.0, 0
32392, 11192, 53, 7, ICMP, 0.0, 0
46119, 19019, 29, 3, UDP, 0.0, 1
79142, 130018, 85, 7, ICMP, 0.0, 0
91801, 12299, 12, 4, ICMP, 0.0, 0
51631, 17011, 91, 6, ICMP, 0.0, 0
34222, 122207, 35, 5, ICMP, 0.0, 0
23811, 172011, 19, 4, UDP, 0.0, 1
1805, 1994074, 4, 7, TCP, 8760.0, 1
66264, 70637424, 147, 4, UDP, 6476.0, 0 
51735, 21464232, 242, 245, TCP, 3110.0, 0
58489, 78487650, 79, 49, TCP, 9161.0, 1
62826, 75415295, 242, 134, UDP, 3997.0, 1
58690, 63484213, 250, 185, TCP, 2516.0, 0
38983, 96950111, 178, 99, UDP, 7326.0, 0
50436, 69549614, 247, 205, UDP, 8742.0, 1
30706, 65477950, 201, 226, UDP, 6649.0, 0
97802, 57538507, 257, 248, TCP, 9710.0, 1
29417, 71454057, 181, 130, TCP, 4657.0, 0
27126, 72827035, 46, 246, TCP, 5483.0, 0
73947, 60725761, 7, 141, UDP, 8786.0, 0
44818, 86453717, 194, 78, UDP, 1498.0, 1
99087, 85913173, 121, 28, TCP, 8794.0, 0
19462, 82359477, 98, 57, TCP, 2195.0, 0
95379, 61170802, 132, 197, UDP, 6464.0, 1
87739, 58617790, 62, 1, TCP, 3917.0, 1
74567, 74050868, 118, 33, UDP, 8215.0, 1
55911, 95687854, 135, 109, UDP, 6097.0, 1 
31976, 53023318, 159, 230, UDP, 7523.0, 0
48796, 66202634, 128, 77, UDP, 8863.0, 0
84606, 80391593, 58, 63, TCP, 1233.0, 0
59176, 52753144, 134, 53, UDP, 1113.0, 0
33628, 96690420, 143, 101, UDP, 3723.0, 1
26096, 61868716, 98, 10, TCP, 2617.0, 0
40 threatened, 29633782, 18, 249, TCP, 9489.0, 1
92635, 75179795, 246, 188, UDP, 5785.0, 0
53554, 92608963, 26, 143, TCP, 5930.0, 1
72093, 54364145, 94, 129, UDP, 1235.0, 1
50766, 52491526, 229, 131, UDP, 7362.0, 0
50265, 72891395, 101, 41, TCP, 2720.0, 0
76914, 83622371, 17, 140, UDP, 883.0, 0
46191, 74467428, 191, 55, UDP, 5703.0, 0
7007, 93219142, 87, 70, TCP, 6648.0, 0
72561, 88031136, 94, 39, TCP, 2545.0, 0
88768, 63910056, 166, 191, UDP, 4617.0, 0
71418, 71444546, 25, 196, UDP, 3662.0, 1
66976, 78637843, 216, 42, UDP, 5993.0, 0
96712, 52690959, 123, 240, TCP, 3283.0, 1
98240, 72922045, 196, 180, UDP, 7703.0, 0
29427, 62005109, 48, 132, UDP, 5931.0, 0
23601, 74774420, 189, 216, TCP, 9804.0, 0
77323, 57695403, 27, 57, TCP, 8228.0, 0
60130, 78649923, 122, 118, TCP, 2750.0, 1
77880, 56159364, 134, 135, UDP, 4110.0, 0
15110, 79753404, 24, 211, UDP, 7364.0, 0
29065, 82781233, 57, 144, UDP, 6712.0, 0
35565, 88505450, 13, 28, UDP, 8973.0, 1
79069, 73260381, 87, 17, TCP, 79.0, 1
87524, 87521250, 115, 72, TCP, 4448.0, 1
14890, 78964195, 167, 241, UDP, 2695.0, 0
37179, 70964777, 14, 5, UDP, 8763.0, 1
69253, 83611085, 4, 33, TCP, 5105.0, 0
55882, 67986728, 81, 248, TCP, 4889.0, 1
4443, 56218543, 254, 79, TCP, 7416.0, 0
45103, 97014500, 83, 123, UDP, 9669.0, 0
5996, 96182050, 153, 113, UDP, 4748.0, 1
36591, 53275516, 208, 249, UDP, 4561.0, 0
79833, 63360224, 94, 161, UDP, 8666.0, 0
75564, 91491299, 67, 225, TCP, 7027.0, 1
31887, 79570627, 51, 174, UDP, 1767.0, 0
86586, 85110232, 7, 186, UDP, 5894.0, 0
78179, 73043702, 33, 194, TCP, 2596.0, 0
91508, 56560846, 248, 81, TCP, 8908.0, 0
13884, 60688774, 223, 51, UDP, 3025.0, 1
54435, 90970166, 241, 38, TCP, 5943.0, 0
45187, 52980862, 111, 227, UDP, 369.0, 0
36338, 54851207, 199, 154, TCP, 1156.0, 1
26383, 68116784, 147, 66, UDP, 2992.0, 1
48071, 85315046, 118, 135, TCP, 9639.0, 1
37204, 82673084, 245, 152, UDP, 9752.0, 0
97730, 51516096, 160, 162, TCP, 1749.0, 0
55784, 79313572, 131, 131, TCP, 4260.0, 1
46472, 86585345, 140, 9, UDP, 1753.0, 0
30817, 91710396, 77, 39, TCP, 5499.0, 0
68776, 81888409, 191, 63, UDP, 8674.0, 1
98803, 93354665, 144, 120, TCP, 2151.0, 0
40874, 66432277, 57, 101, UDP, 9412.0, 1
43319, 64269726, 108, 189, TCP, 6195.0, 1
74150, 54346848, 212, 86, UDP, 7047.0, 0
18403, 79938453, 228, 143, TCP, 4346.0, 0
49000, 83902084, 115, 48, TCP, 6421.0, 1
97637, 61211875, 2, 253, TCP, 9990.0, 0
54629, 65516503, 181, 183, UDP, 5251.0, 0
30250, 53056878, 66, 29, UDP, 6582.0, 0
15489, 71567779, 118, 11, UDP, 6396.0, 1
67062, 94170762, 87, 248, UDP, 1794.0, 0
82252, 81277173, 244, 88, UDP, 8021.0, 0
7761, 78472432, 15, 56, TCP, 5241.0, 1
21809, 94508385, 20, 87, UDP, 4665.0, 1
71602, 89416949, 229, 246, UDP, 8799.0, 0
11388, 84526344, 221, 67, UDP, 5579.0, 0
88042, 53307295, 34, 243, TCP, 5476.0, 0
13922, 59109632, 151, 137, UDP, 5905.0, 0
47157, 63774190, 52, 12, TCP, 1176.0, 1
25896, 76203062, 75, 246, UDP, 907.0, 1
27131, 94160058, 237, 211, UDP, 8034.0, 0
16652, 53532398, 65, 131, TCP, 7049.0, 0
91478, 97515548, 203, 4, UDP, 0.0, 0
30410, 99974216, 397, 8, TCP, 0.43, 0
583, 639761, 117, 5, ICMP, 0.0, 0 
36997, 91050368, 552, 2, TCP, 0.43, 0
47020, 93317436, 433, 9, UDP, 0.0, 0
37787, 93563721, 503, 1, TCP, 0.43, 0
71927, 99317451, 189, 8, ICMP, 0.0, 0
38395, 93567747, 790, 3, UDP, 0.0, 0
62915, 98641044, 837, 3, ICMP, 0.0, 0
49563, 91553403, 814, 8, UDP, 0.0, 0
85822, 93880010, 563, 2, ICMP, 0.0, 0 
24500, 99099604, 465, 2, UDP, 0.0, 0 
65582, 93593260, 719, 6, TCP, 0.43, 0 
49718, 99619333, 284, 3, UDP, 0.0, 0 
23859, 97834330, 191, 6, ICMP, 0.0, 0 
12506, 92103121, 110, 1, TCP, 0.43, 0 
48887, 97730263, 811, 9, ICMP, 0.0, 0 
31402, 96068797, 746, 1, UDP, 0.0, 0 
87720, 97843290, 601, 7, ICMP, 0.0, 0 
76405, 98273410, 406, 4, TCP, 0.43, 0 
41102, 94541724, 166, 10, UDP, 0.0, 0 
63690, 98618606, 705, 6, UDP, 0.0, 0 
31228, 93927477, 548, 10, ICMP, 0.0, 0 
87296, 96990082, 503, 4, TCP, 0.43, 0 
20274, 92182929, 587, 1, UDP, 0.0, 0 
21218, 97264717, 134, 5, ICMP, 0.0, 0 
45619, 95350968, 713, 3, UDP, 0.0, 0 
45330, 93504146, 638, 9, TCP, 0.43, 0 
74725, 92412509, 184, 4, ICMP, 0.0, 0 
20355, 93095759, 646, 10, TCP, 0.43, 0 
93787, 91626912, 514, 6, UDP, 0.0, 0 
49214, 98589567, 722, 8, TCP, 0.43, 0 
98673, 98373522, 674, 6, ICMP, 0.0, 0 
10316, 97574381, 590, 9, UDP, 0.0, 0 
73095, 91955808, 583, 1, TCP, 0.43, 0 
83467, 94110719, 227, 10, ICMP, 0.0, 0 
18022, 97485699, 520, 10, TCP, 0.43, 0 
74809, 92115132, 464, 4, UDP, 0.0, 0 
35902, 95441920, 867, 9, ICMP, 0.0, 0 
62811, 99796866, 272, 1, TCP, 0.43, 0 
81500, 92736920, 436, 9, ICMP, 0.0, 0 
70868, 94367693, 459, 7, UDP, 0.0, 0 
96994, 95454341, 759, 8, UDP, 0.0, 0 
89297, 95676821, 340, 5, ICMP, 0.0, 0 
32156, 98700298, 229, 1, TCP, 0.43, 0 
22678, 93391623, 735, 3, UDP, 0.0, 0 
83490, 91069594, 833, 8, UDP, 0.0, 0 
78258, 92617502, 358, 8, TCP, 0.43, 0 
59658, 92681943, 865, 1, UDP, 0.0, 0 
90486, 98048325, 648, 3, ICMP, 0.0, 0 
93712, 98037029, 345, 5, TCP, 0.43, 0 
11790, 93141529, 147, 5, ICMP, 0.0, 0 
20450, 96580508, 681, 8, TCP, 0.43, 0 
78613, 95872439, 485, 2, UDP, 0.0, 0 
23649, 97051095, 166, 7, ICMP, 0.0, 0 
58332, 99719634, 439, 3, ICMP, 0.0, 0 
98637, 96208339, 694, 3, TCP, 0.43, 0 
39708, 96294707, 149, 1, UDP, 0.0, 0 
68766, 99931212, 300, 7, UDP, 0.0, 0 
69133, 93779073, 378, 1, ICMP, 0.0, 0 
58159, 95553135, 632, 9, TCP, 0.43, 0 
38085, 94760444, 807, 10, UDP, 0.0, 0 
32985, 98437481, 484, 9, ICMP, 0.0, 0 
90083, 91429560, 839, 3, UDP, 0.0, 0 
32317, 96918050, 547, 1, TCP, 0.43, 0 
65394, 95285442, 130, 4, UDP, 0.0, 0 
22238, 94954539, 156, 4, ICMP, 0.0, 0 
66430, 92390349, 669, 2, UDP, 0.0, 0 
69042, 97993607, 331, 9, ICMP, 0.0, 0 
24477, 94291222, 168, 6, TCP, 0.43, 0 
91802, 98765599, 349, 5, ICMP, 0.0, 0 
96038, 99411099, 894, 1, UDP, 0.0, 0 
14088, 97521008, 439, 5, ICMP, 0.0, 0 
34009, 96937625, 632, 10, TCP, 0.43, 0 
75802, 98993701, 541, 2, UDP, 0.0, 0 
75817, 94650021, 600, 10, TCP, 0.43, 0 
23375, 93805587, 751, 7, ICMP, 0.0, 0 
73895, 96992051, 172, 9, UDP, 0.0, 0 
54567, 90573405, 637, 10, TCP, 0.43, 0 
96823, 98432691, 775, 5, UDP, 0.0, 0 
12518, 95274822, 135, 5, ICMP, 0.0, 0 
90656, 92310765, 658, 7, ICMP, 0.0, 0 
68117, 99932041, 644, 8, UDP, 0.0, 0 
30223, 92717623, 630, 7, TCP, 0.43, 0 
36309, 99145678, 137, 9, ICMP, 0.0, 0 
19599, 99154044, 831, 3, ICMP, 0.0, 0 
92351, 95506195, 259, 10, UDP, 0.0, 0 
82129, 92241001, 285, 4, TCP, 0.43, 0 
23419, 95769173, 342, 7, ICMP, 0.0, 0 
91478, 97515548, 203, 4, UDP, 0.0, 0
648, 63504, 663, 5, ICMP, 0.0, 0
81732, 94383590, 698, 7, TCP, 0.43, 0
24944, 97987232, 580, 4, UDP, 0.0, 0
17392, 95439457, 563, 3, ICMP, 0.0, 0 
19969, 91372318, 363, 1, UDP, 0.0, 0 
72603, 91832202, 744, 6, ICMP, 0.0, 0 
32363, 91512709, 815, 7, TCP, 0.43, 0 
77359, 95045980, 749, 9, UDP, 0.0, 0 
40130, 94881739, 208, 3, ICMP, 0.0, 0 
20610, 95141204, 513, 2, TCP, 0.43, 0 
70645, 94905101, 631, 9, UDP, 0.0, 0 
58475, 95127351, 592, 5, TCP, 0.43, 0 
95106, 93308508, 193, 10, UDP, 0.0, 0 
54776, 93499468, 631, 8, ICMP, 0.0, 0 
77001, 99483916, 168, 2, UDP, 0.0, 0 
78541, 98893351, 529, 3, ICMP, 0.0, 0 
42242, 92420837, 426, 10, UDP, 0.0, 0 
14317, 94167751, 850, 2, TCP, 0.43, 0 
25398, 93532304, 645, 1, ICMP, 0.0, 0 
59121, 99947397, 853, 2, TCP, 0.43, 0 
50559, 96887537, 847, 6, UDP, 0.0, 0 
53530, 95946321, 414, 1, ICMP, 0.0, 0 
21682, 96122618, 424, 6, UDP, 0.0, 0
95696, 99040295, 345, 2, ICMP, 0.0, 0
36717, 91179307, 710, 10, TCP, 0.43, 0 
12427, 94690372, 249, 7, UDP, 0.0, 0 
79297, 98206599, 789, 5, ICMP, 0.0, 0 
69571, 96574350, 119, 7, TCP, 0.43, 0 
14146, 97888054, 805, 3, ICMP, 0.0, 0 
78104, 94822168, 835, 9, UDP, 0.0, 0 
27578, 99674140, 236, 10, TCP, 0.43, 0 
15228, 93017003, 476, 9, ICMP, 0.0, 0 
90299, 91620455, 386, 2, TCP, 0.43, 0 
43026, 97234752, 850, 2, UDP, 0.0, 0 
36736, 99800439, 674, 6, ICMP, 0.0, 0 
19952, 97759068, 475, 6, UDP, 0.0, 0 
33725, 99748785, 613, 8, TCP, 0.43, 0 
81429, 92581913, 324, 4, ICMP, 0.0, 0 
51802, 91050006, 272, 7, UDP, 0.0, 0 
40727, 95890702, 265, 3, ICMP, 0.0, 0 
58891, 94303834, 847, 3, TCP, 0.43, 0 
98279, 98624026, 214, 8, ICMP, 0.0, 0 
29696, 99192353, 831, 1, UDP, 0.0, 0 
20762, 98934135, 455, 10, ICMP, 0.0, 0 
62372, 98178162, 750, 9, TCP, 0.43, 0 
56467, 99560455, 811, 8, UDP, 0.0, 0 
58700, 98307340, 432, 6, ICMP, 0.0, 0 
24949, 91965044, 435, 2, TCP, 0.43, 0 
75820, 91240463, 100, 9, UDP, 0.0, 0 
68689, 94488870, 877, 7, ICMP, 0.0, 0 
60440, 93966543, 601, 5, TCP, 0.43, 0 
87911, 92035972, 460, 4, UDP, 0.0, 0 
54402, 96437361, 152, 4, ICMP, 0.0, 0 
94331, 96479542, 595, 7, UDP, 0.0, 0 
17572, 96540519, 660, 9, ICMP, 0.0, 0 
44722, 97941503, 847, 7, TCP, 0.43, 0 
8
184809, 9979686, 308, 3, TCP, 251.0, 1 
80162, 5290860, 244, 7, TCP, 4910.0, 0
100077, 4511601, 762, 4, UDP, 8193.0, 1
90003, 8741921, 999, 5, UDP, 6156.0, 0
42005, 4781186, 431, 2, UDP, 4136.0, 1
63999, 1362847, 960, 1, TCP, 595.0, 0
21912, 3202539, 336, 9, UDP, 9074.0, 1
93525, 1229491, 141, 4, TCP, 6362.0, 0
57559, 6914830, 465, 8, UDP, 9800.0, 1
28010, 5186846, 991, 7, UDP, 8021.0, 0
66014, 5022920, 404, 1, TCP, 2862.0, 1
42970, 6758305, 134, 2, UDP, 3189.0, 0
25400, 5518179, 601, 5, UDP, 6098.0, 1
79420, 7968531, 574, 3, TCP, 5086.0, 0
60753, 3997672, 931, 8, TCP, 68.0, 1
13817, 4920299, 699, 3, UDP, 7469.0, 0
90799, 3282273, 285, 7, TCP, 1742.0, 1
20977, 4696049, 243, 4, UDP, 5950.0, 0
87060, 6321173, 766, 8, TCP, 4522.0, 1
21121, 6794591, 383, 4, TCP, 5520.0, 0
64327, 1468817, 313, 4, TCP, 1935.0, 1
32693, 1791172, 382, 7, UDP, 10000.0, 0
25949, 1521907, 578, 9, TCP, 2270.0, 1
30187, 2280110, 693, 1, UDP, 3517.0, 0
93452, 301177, 922, 2, TCP, 9812.0, 1
47497, 1239254, 126, 5, UDP, 1865.0, 0
61953, 7731102, 759, 9, UDP, 7948.0, 1
38391, 7220583, 593, 1, TCP, 337.0, 0
40373, 5914971, 771, 8, UDP, 7354.0, 1
11418, 5621514, 985, 7, TCP, 5824.0, 0
16546, 8902205, 198, 8, TCP, 1350.0, 1
73567, 4087920, 783, 2, UDP, 153.0, 0
184809, 9979686, 308, 3, TCP, 251.0, 1
43323, 7803421, 890, 4, TCP, 6628.0, 1
35544, 5597656, 343, 8, UDP, 6105.0, 0
86053, 6269690, 749, 6, UDP, 1772.0, 1
25661, 5969006, 315, 1, UDP, 5492.0, 0
51550, 7030877, 942, 5, TCP, 7708.0, 1
29895, 7270674, 260, 5, UDP, 3376.0, 0
80022, 2063491, 500, 7, UDP, 4496.0, 1
16899, 1710250, 411, 2, TCP, 8299.0, 0
31830, 7743135, 950, 6, TCP, 931.0, 1
61136, 6945343, 647, 8, UDP, 3927.0, 0
79598, 6282181, 634, 8, TCP, 2483.0, 1
89767, 1922799, 959, 7, TCP, 224.0, 0
95211, 7128035, 588, 4, UDP, 8837.0, 1
78869, 5253662, 668, 5, TCP, 8820.0, 0
65519, 8670712, 763, 8, TCP, 6062.0, 1
83643, 1865385, 828, 6, UDP, 3744.0, 0
78208, 7672285, 101, 2, TCP, 5156.0, 1
13794, 49039, 762, 8, UDP, 3034.0, 0
45541, 9333379, 908, 8, TCP, 9144.0, 1
60076, 7876658, 205, 1, UDP, 139.0, 0
82604, 7102192, 831, 9, UDP, 591.0, 1
22134, 6594418, 261, 7, TCP, 9106.0, 0
32148, 6008019, 412, 3, UDP, 1136.0, 1
19544, 3647133, 577, 9, UDP, 784.0, 0
87943, 5482838, 141, 7, UDP, 7911.0, 1
86398, 4411247, 743, 3, TCP, 4135.0, 0
45862, 1085259, 883, 4, TCP, 2812.0, 1
34042, 8407870, 11, 7, TCP, 3236.0, 0
17174, 2366831, 891, 9, TCP, 8519.0, 1
98334, 706874, 248, 8, UDP, 9308.0, 0
61350, 6517446, 615, 5, UDP, 9857.0, 1
63861, 3223526, 976, 2, TCP, 9087.0, 0
33836, 8972799, 272, 7, UDP, 6218.0, 1
40125, 6367289, 597, 7, TCP, 9063.0, 0
14190, 8851637, 643, 6, UDP, 7210.0, 1
24786, 4430022, 376, 4, TCP, 4097.0, 0
98367, 5268123, 523, 3, TCP, 4406.0, 1
81372, 2818491, 536, 6, UDP, 8184.0, 0
76750, 5902919, 882, 8, TCP, 3914.0, 1
51720, 245347, 462, 4, UDP, 8035.0, 0
41817, 4785285, 85, 5, TCP, 8848.0, 1
92321, 4755317, 623, 3, UDP, 2241.0, 0
12552, 677808, 41, 5, TCP, 531.0, 0
18192, 19392672, 40, 2, UDP, 3839.0, 0
13687, 19976040, 4, 8, TCP, 92.0, 1
19367, 13080548, 123, 6, UDP, 617.0, 0
56456, 58656, 63, 4, UDP, 5835.0, 0
10795, 109020, 53, 7, TCP, 521.0, 1
71700, 30715004, 74, 9, TCP, 1331.0, 0
11402, 60788287, 68, 5, TCP, 87.0, 0
1230, 46828ad, 9, 2, UDP, 4562.0, 1
17768, 98153726, 56, 4, UDP, 6811.0, 0
18460, 95973333, 77, 7, TCP, 694.0, 0
46948, 11867356, 91, 2, UDP, 3216.0, 1
12687, 84510495, 16, 5, TCP, 40.0, 0
16164, 21002976, 31, 8, UDP, 327.0, 0
7732, 84021023, 32, 6, UDP, 8652.0, 1
10455, 82554445, 80, 3, UDP, 2435.0, 0
19837, 21424614, 1, 7, UDP, 6365.0, 0
48048, 71947441, 49, 9, TCP, 97.0, 0
12020, 54213596, 76, 8, UDP, 6055.0, 1
11935, 71318073, 89, 2, UDP, 6249.0, 1
21692, 42080832, 79, 4, UDP, 5479.0, 1
12156, 62803031, 44, 9, UDP, 3924.0, 0
11514, 68861209, 18, 7, UDP, 3947.0, 1
19149, 45703923, 24, 6, TCP, 834.0, 0
10730, 54167364, 23, 8, TCP, 262.0, 0
54734, 21144676, 6, 9, TCP, 790.0, 1
19349, 88513177, 36, 8, TCP, 4293.0, 0
17367, 50925089, 64, 4, UDP, 8772.0, 0
13752, 34269205, 11, 5, UDP, 2948.0, 0
36546, 20100128, 11, 9, UDP, 4835.0, 1
46522, 10866018, 103, 6, TCP, 908.0, 1
16232, 68779037, 2, 6, TCP, 81.0, 0
9788, 45534633, 60, 5, UDP, 5540.0, 0
12559, 94124, 7, 4, UDP, 5067.0, 1
12688, 19502093, 95, 4, TCP, 5387.0, 1
33188, 2500983, 15, 2, TCP, 9521.0, 0
47799, 96922019, 73, 5, UDP, 1451.0, 1
16820, 86382107, 40, 8, UDP, 2524.0, 0
18268, 3231506, 28, 3, UDP, 9085.0, 1
18138, 3531605, 14, 6, TCP, 517.0, 0
10510, 61838423, 45, 7, UDP, 9148.0, 0
21102, 69103963, 20, 4, TCP, 2904.0, 0
37802, 30830099, 101, 4, TCP, 7790.0, 0
13794, 76889890, 39, 5, UDP, 473.0, 1
31579, 57904500, 86, 9, UDP, 8983.0, 0
32693, 93532573, 131, 9, TCP, 44.0, 0
35536, 12299192, 24, 3, TCP, 1929.0, 1
11047, 46439541, 13, 8, UDP, 4270.0, 0
50056, 43384203, 3, 6, TCP, 5214.0, 1
19563, 77555603, 78, 9, UDP, 9317.0, 1
56737, 70778, 60, 2, UDP, 6213.0, 0
30111, 95807306, 105, 4, UDP, 656.0, 0
11461, 74008610, 36, 4, TCP, 1952.0, 1
13476, 17682315, 14, 5, UDP, 8333.0, 0
19781, 62741984, 87, 7, TCP, 1792.0, 0
17910, 24448539, 122, 6, UDP, 7542.0, 0
17886, 35208917, 55, 8, UDP, 7845.0, 0
31717, 58743792, 6, 3, TCP, 8680.0, 0
18495, 44054209, 101, 5, UDP, 7766.0, 1
15189, 64890702, 44, 8, UDP, 5251.0, 0
18902, 69634007, 104, 4, UDP, 8369.0, 0
10803, 85176612, 81, 9, UDP, 8525.0, 1
50078, 42847814, 96, 6, UDP, 8087.0, 0
48013, 9979087, 104, 2, UDP, 8176.0, 1
43296, 51448238, 72, 8, TCP, 7638.0, 0
15345, 35748927, 97, 9, UDP, 8774.0, 0
11983, 4138859, 3, 6, TCP, 6178.0, 0
16399, 91495650, 81, 5, UDP, 8853.0, 0
16519, 49816466, 59, 9, TCP, 2156.0, 0
12522, 98160220, 56, 3, UDP, 3311.0, 1
33796, 68913922, 88, 5, TCP, 8756.0, 0
50506, 13891150, 31, 4, TCP, 801.0, 1
49568, 833445, 102, 6, UDP, 8294.0, 1
18268, 43598133, 37, 5, TCP, 5943.0, 1
17577, 91875279, 72, 8, TCP, 9513.0, 0
37850, 78100835, 6, 3, UDP, 2722.0, 0
17093, 82962745, 33, 8, UDP, 8943.0, 0
46647, 75636805, 106, 9, TCP, 3563.0, 1
47310, 868607, 57, 6, UDP, 3976.0, 1
46802, 37414656, 8, 7, UDP, 6315.0, 1
5668, 82594150, 8, 6, TCP, 1676.0, 0
14623, 83715025, 122, 2, TCP, 749.0, 1
46758, 1866080, 10, 7, UDP, 9808.0, 0
19368, 51626445, 63, 3, TCP, 4144.0, 0
46904, 37070242, 20, 7, TCP, 2064.0, 1
1516, 3825084, 105, 4, TCP, 1833.0, 0
13796, 20684509, 66, 4, UDP, 6362.0, 1
32645, 46744024, 55, 8, TCP, 4572.0, 0
42437, 37208612, 68, 5, TCP, 6464.0, 0
11818, 77878203, 40, 4, UDP, 5729.0, 1
53796, 6363548, 100, 5, TCP, 4637.0, 0
19486, 85566718, 118, 9, UDP, 2281.0, 0
17012, 10721837, 52, 4, UDP, 6057.0, 1
16440, 48169631, 12, 6, UDP, 4370.0, 0
18379, 79177909, 28, 8, TCP, 5171.0, 1
7697, 96430225, 53, 8, UDP, 7545.0, 0
18187, 47367586, 50, 3, TCP, 1598.0, 1
13649, 32578560, 6, 3, UDP, 33.0, 0
12636, 77406578, 12, 3, UDP, 6137.0, 1
19509, 65842738, 107, 6, TCP, 3439.0, 0
10938, 24621482, 23, 2, TCP, 691.0, 0
38264, 2542981, 22, 8, TCP, 1507.0, 1
38001, 44397209, 5, 4, UDP, 5108.0, 0
32819, 70918383, 77, 9, TCP, 6893.0, 0
9885, 41285902, 19, 9, UDP, 5623.0, 1
31470, 60167362, 39, 5, TCP, 229.0, 0
39371, 79914968, 62, 5, UDP, 9730.0, 0
16183, 15595889, 111, 4, UDP, 1876.0, 1
10841, 51403927, 105, 3, UDP, 5874.0, 0
18401, 49641005, 108, 4, UDP, 7612.0, 1
20302, 76030203, 38, 4, UDP, 1052.0, 1
17182, 5871571, 93, 3, UDP, 2500.0, 1
16135, 96168223, 39, 5, TCP, 511.0, 0
49637, 97959795, 36, 7, TCP, 8219.0, 0
11758, 84314485, 20, 8, TCP, 1466.0, 0
49527, 43446659, 88, 3, UDP, 5273.0, 0
34732, 34011005, 44, 6, TCP, 7097.0, 1
49996, 28748709, 109, 7, TCP, 9870.0, 0
40905, 76004858, 111, 3, TCP, 3880.0, 0
17207, 95062684, 81, 3, UDP, 150.0, 1
13504, 41074100, 6, 7, UDP, 6514.0, 0
13369, 12018202, 10, 5, TCP, 7981.0, 0
49975, 57194245, 19, 4, UDP, 8655.0, 1
10503, 71460702, 17, 8, UDP, 7670.0, 1
44996, 7003142, 38, 4, UDP, 6926.0, 0
12902, 81338502, 65, 3, TCP, 5895.0, 0
17485, 97982941, 79, 8, UDP, 6027.0, 1
15907, 85621019, 80, 9, TCP, 5497.0, 0
42138, 19785093, 14, 2, UDP, 9562.0, 1
12552, 677808, 41, 5, TCP, 531.0, 0
18192, 19392672, 40, 2, UDP, 3839.0, 0
13687, 19976040, 4, 8, TCP, 92.0, 1
19367, 13080548, 123, 6, UDP, 617.0, 0
56456, 58656, 63, 4, UDP, 5835.0, 0
10795, 109020, 53, 7, TCP, 521.0, 1
71700, 30715004, 74, 9, TCP, 1331.0, 0
11402, 60788287, 68, 5, TCP, 87.0, 0
1230, 46828ad, 9, 2, UDP, 4562.0, 1
17768, 98153726, 56, 4, UDP, 6811.0, 0
18460, 95973333, 77, 7, TCP, 694.0, 0
46948, 11867356, 91, 2, UDP, 3216.0, 1
12687, 84510495, 16, 5, TCP, 40.0, 0
16164, 21002976, 31, 8, UDP, 327.0, 0
7732, 84021023, 32, 6, UDP, 8652.0, 1
10455, 82554445, 80, 3, UDP, 2435.0, 0
19837, 21424614, 1, 7, UDP, 6365.0, 0
48048, 71947441, 49, 9, TCP, 97.0, 0
12020, 54213596, 76, 8, UDP, 6055.0, 1
11935, 71318073, 89, 2, UDP, 6249.0, 1
21692, 42080832, 79, 4, UDP, 5479.0, 1
12156, 62803031, 44, 9, UDP, 3924.0, 0
11514, 68861209, 18, 7, UDP, 3947.0, 1
19149, 45703923, 24, 6, TCP, 834.0, 0
10730, 54167364, 23, 8, TCP, 262.0, 0
54734, 21144676, 6, 9, TCP, 790.0, 1
19349, 88513177, 36, 8, TCP, 4293.0, 0
17367, 50925089, 64, 4, UDP, 8772.0, 0
13752, 34269205, 11, 5, UDP, 2948.0, 0
36546, 20100128, 11, 9, UDP, 4835.0, 1
46522, 10866018, 103, 6, TCP, 908.0, 1
16232, 68779037, 2, 6, TCP, 81.0, 0
9788, 45534633, 60, 5, UDP, 5540.0, 0
12559, 94124, 7, 4, UDP, 5067.0, 1
12688, 19502093, 95, 4, TCP, 5387.0, 1
33188, 2500983, 15, 2, TCP, 9521.0, 0
47799, 96922019, 73, 5, UDP, 1451.0, 1
16820, 86382107, 40, 8, UDP, 2524.0, 0
18268, 3231506, 28, 3, UDP, 9085.0, 1
18138, 3531605, 14, 6, TCP, 517.0, 0
10510, 61838423, 45, 7, UDP, 9148.0, 0
21102, 69103963, 20, 4, TCP, 2904.0, 0
37802, 30830099, 101, 4, TCP, 7790.0, 0
13794, 76889890, 39, 5, UDP, 473.0, 1
31579, 57904500, 86, 9, UDP, 8983.0, 0
32693, 93532573, 131, 9, TCP, 44.0, 0
35536, 12299192, 24, 3, TCP, 1929.0, 1
11047, 46439541, 13, 8, UDP, 4270.0, 0
50056, 43384203, 3, 6, TCP, 5214.0, 1
19563, 77555603, 78, 9, UDP, 9317.0, 1
56737, 70778, 60, 2, UDP, 6213.0, 0
30111, 95807306, 105, 4, UDP, 656.0, 0
11461, 74008610, 36, 4, TCP, 1952.0, 1
13476, 17682315, 14, 5, UDP, 8333.0, 0
19781, 62741984, 87, 7, TCP, 1792.0, 0
17910, 24448539, 122, 6, UDP, 7542.0, 0
17886, 35208917, 55, 8, UDP, 7845.0, 0
31717, 58743792, 6, 3, TCP, 8680.0, 0
18495, 44054209, 101, 5, UDP, 7766.0, 1
15189, 64890702, 44, 8, UDP, 5251.0, 0
18902, 69634007, 104, 4, UDP, 8369.0, 0
10803, 85176612, 81, 9, UDP, 8525.0, 1
50078, 42847814, 96, 6, UDP, 8087.0, 0
48013, 9979087, 104, 2, UDP, 8176.0, 1
43296, 51448238, 72, 8, TCP, 7638.0, 0
15345, 35748927, 97, 9, UDP, 8774.0, 0
11983
57800, 4457515, 581, 5, ICMP, 0.0, 0
86676, 75539320, 152, 3, UDP, 0.0, 1
28155, 22448726, 650, 5, ICMP, 0.0, 0
105037, 256994450, 346, 3, UDP, 0.0, 1
55971, 37395845, 123, 5, ICMP, 0.0, 0
117738, 159022399, 304, 3, UDP, 0.0, 1
17147, 25503217, 508, 5, ICMP, 0.0, 0
128475, 230888719, 690, 3, UDP, 0.0, 1
24690, 29587403, 989, 5, ICMP, 0.0, 0
139737, 290535615, 675, 3, UDP, 0.0, 1
42550, 18544013, 334, 5, ICMP, 0.0, 0
151567, 172496545, 452, 3, UDP, 0.0, 1
11332, 4749810, 281, 5, ICMP, 0.0, 0
162607, 426309018, 599, 3, UDP, 0.0, 1
68641, 260039277, 749, 5, ICMP, 0.0, 0
174326, 174790110, 175, 3, UDP, 0.0, 1
54507, 6115036, 659, 5, ICMP, 0.0, 0
186037, 201903733, 701, 3, UDP, 0.0, 1
16676, 35019804, 664, 5, ICMP, 0.0, 0
197868, 326884358, 114, 3, UDP, 0.0, 1
100628, 164878258, 238, 5, ICMP, 0.0, 0
209541, 341466785, 848, 3, UDP, 0.0, 1
25173, 8546208, 604, 5, ICMP, 0.0, 0
220723, 70786526, 445, 3, UDP, 0.0, 1
77593, 20173782, 835, 5, ICMP, 0.0, 0
231934, 175061745, 690, 3, UDP, 0.0, 1
30248, 14578609, 605, 5, ICMP, 0.0, 0
243047, 137259399, 506, 3, UDP, 0.0, 1
88478, 128374698, 438, 5, ICMP, 0.0, 0
254134, 372481190, 824, 3, UDP, 0.0, 1
35741, 8256007, 11, 5, ICMP, 0.0, 0
265220, 71099508, 294, 3, UDP, 0.0, 1
94376, 331928159, 103, 5, ICMP, 0.0, 0
276304, 413650852, 707, 3, UDP, 0.0, 1
41823, 14863684, 447, 5, ICMP, 0.0, 0
287389, 229532465, 589, 3, UDP, 0.0, 1
49321, 47281823, 784, 5, ICMP, 0.0, 0
298461, 393350673, 114, 3, UDP, 0.0, 1
54908, 29445678, 645, 5, ICMP, 0.0, 0
309559, 396002947, 142, 3, UDP, 0.0, 1
59946, 4159894, 339, 5, ICMP, 0.0, 0
320646, 215611219, 628, 3, UDP, 0.0, 1
64977, 22086473, 229, 5, ICMP, 0.0, 0
331730, 323445478, 952, 3, UDP, 0.0, 1
70020, 41980719, 804, 5, ICMP, 0.0, 0
342818, 322906626, 580, 3, UDP, 0.0, 1
75049, 24468559, 743, 5, ICMP, 0.0, 0
353898, 82573470, 664, 3, UDP, 0.0, 1
80079, 18318265, 249, 5, ICMP, 0.0, 0
364988, 189617214, 800, 3, UDP, 0.0, 1
85128, 96836317, 566, 5, ICMP, 0.0, 0
376080, 405836619, 492, 3, UDP, 0.0, 1
90160, 19312653, 225, 5, ICMP, 0.0, 0
387167, 65070798, 814, 3, UDP, 0.0, 1
95196, 36614010, 571, 5, ICMP, 0.0, 0
398256, 286467512, 311, 3, UDP, 0.0, 1
100222, 36112080, 701, 5, ICMP, 0.0, 0
409347, 256624669, 593, 3, UDP, 0.0, 1
105261, 42548009, 494, 5, ICMP, 0.0, 0
420434, 202294400, 623, 3, UDP, 0.0, 1
110296, 19358419, 346, 5, ICMP, 0.0, 0
431526, 121852441, 634, 3, UDP, 0.0, 1
115323, 23743196, 677, 5, ICMP, 0.0, 0
442615, 313009490, 986, 3, UDP, 0.0, 1
120354, 60948689, 395, 5, ICMP, 0.0, 0
453699, 97761511, 338, 3, UDP, 0.0, 1
125388, 22874436, 11, 5, ICMP, 0.0, 0
464788, 192999262, 312, 3, UDP, 0.0, 1
130419, 36963437, 955, 5, ICMP, 0.0, 0
475877, 330587120, 194, 3, UDP, 0.0, 1
135447, 37068111, 707, 5, ICMP, 0.0, 0
486965, 294917457, 685, 3, UDP, 0.0, 1
140483, 28422091, 291, 5, ICMP, 0.0, 0
498055, 117340222, 210, 3, UDP, 0.0, 1
145507, 28279931, 595, 5, ICMP, 0.0, 0
509141, 291080848, 303, 3, UDP, 0.0, 1
150542, 26354142, 378, 5, ICMP, 0.0, 0
520227, 140482864, 237, 3, UDP, 0.0, 1
155568, 43084192, 444, 5, ICMP, 0.0, 0
531316, 371959609, 681, 3, UDP, 0.0, 1
160600, 41561974, 842, 5, ICMP, 0.0, 0
542406, 198898045, 216, 3, UDP, 0.0, 1
165643, 72353902, 845, 5, ICMP, 0.0, 0
553493, 290522408, 974, 3, UDP, 0.0, 1
170664, 11468471, 486, 5, ICMP, 0.0, 0
564580, 243541177, 758, 3, UDP, 0.0, 1
175702, 13612340, 186, 5, ICMP, 0.0, 0
575671, 49939828, 674, 3, UDP, 0.0, 1
180729, 12935704, 484, 5, ICMP, 0.0, 0
586760, 144531199, 571, 3, UDP, 0.0, 1
185760, 27803731, 948, 5, ICMP, 0.0, 0
597851, 185809798, 780, 3, UDP, 0.0, 1
190794, 22330705, 801, 5, ICMP, 0.0, 0
608937, 399399317, 449, 3, UDP, 0.0, 1
2748, 287672, 355, 6, TCP, 7000.0, 0
42106, 24184424, 401, 10, ICMP, 256.0, 0
19652, 10861344, 197, 5, UDP, 1600.0, 1
9064, 10738640, 519, 9, TCP, 1080.0, 0
16286, 7144672, 415, 3, IP, 63.0, 0
25143, 11616824, 486, 8, UDP, 8500.0, 1
17585, 6644736, 102, 4, ICMP, 70.0, 1
27349, 6964224, 318, 3, IP, 90.0, 0
6235, 1308096, 158, 1, UDP, 128.0, 0
27597, 2745624, 315, 1, TCP, 150.0, 0
44594, 24742400, 384, 6, IP, 1000.0, 1
22133, 11746048, 52, 6, IP, 800.0, 0
1880, 5416224, 6, 5, ICMP, 700.0, 1
4004, 2322576, 499, 5, ICMP, 2000.0, 1
48417, 24926536, 514, 1, UDP, 44.0, 0
6233, 10103544, 355, 1, ICMP, 68.0, 0
4860, 5229904, 214, 10, TCP, 120.0, 1
23521, 11543056, 212, 6, IP, 130.0, 1
40897, 22628224, 547, 4, TCP, 42.0, 0
19234, 6262272, 467, 9, UDP, 55.0, 1
25860, 5184576, 330, 5, TCP, 350.0, 0
15027, 11613888, 297, 10, UDP, 250.0, 1
18472, 25550656, 258, 2, UDP, 84.0, 0
2169, 10365632, 496, 2, IP, 230.0, 1
32225, 12452608, 221, 10, TCP, 2100.0, 0
18699, 12154368, 287, 4, UDP, 1350.0, 1
30415, 7823360, 130, 7, IP, 18.0, 0
28529, 2751216, 79, 9, TCP, 900.0, 0
5499, 6148608, 423, 1, UDP, 250.0, 0
39992, 10868736, 433, 10, ICMP, 800.0, 0
46679, 12258048, 286, 3, TCP, 47.0, 1
3739, 6190592, 23, 3, TCP, 1400.0, 0
24059, 6050816, 325, 6, UDP, 460.0, 0
45308, 5975872, 209, 4, TCP, 160.0, 0
14855, 6745520, 407, 8, TCP, 143.0, 0
38016, 5601856, 407, 3, UDP, 99.0, 1
8342, 25062736, 282, 8, TCP, 40.0, 0
8113, 14467072, 168, 5, ICMP, 270.0, 0
20381, 7129120, 359, 8, UDP, 630.0, 0
44410, 10071584, 56, 1, UDP, 64.0, 0
8993, 11156224, 123, 6, IP, 75.0, 1
38368, 7759744, 65, 3, ICMP, 160.0, 0
15583, 5313056, 319, 10, IP, 120.0, 1
48482, 10632288, 333, 3, UDP, 800.0, 0
4909, 17173344, 247, 5, ICMP, 3600.0, 0
42487, 6895936, 558, 8, IP, 47.0, 0
18547, 7476336, 459, 2, UDP, 32.0, 1
42437, 5939872, 464, 6, TCP, 500.0, 1
15527, 8146560, 421, 4, ICMP, 160.0, 0
27494, 17257792, 142, 4, ICMP, 500.0, 1
30314, 2663616, 137, 1, IP, 120.0, 1
29553, 5727104, 232, 4, TCP, 28.0, 0
8775, 16160224, 49, 8, IP, 8000.0, 0
108, 25803904, 250, 9, UDP, 430.0, 1
48323, 7875072, 385, 9, ICMP, 54.0, 0
18555, 13258720, 439, 8, TCP, 500.0, 0
48303, 25605904, 500, 1, TCP, 130.0, 0
27975, 7679232, 494, 8, TCP, 17.0, 1
606, 59388,621, 11, ICMP, 1526.0, 0 
20677, 157936, 815, 3, ICMP, 8365.0, 1
86018, 304143, 256, 7, ICMP, 169.0, 0
35378, 336717, 145, 10, ICMP, 4101.0, 1
68730, 678538, 298, 4, ICMP, 5780.0, 0
30893, 170126, 468, 8, ICMP, 9539.0, 1
34248, 410797, 934, 12, ICMP, 1281.0, 0
21175, 799345, 983, 1, ICMP, 219.0, 1
18941, 638314, 445, 2, ICMP, 1100.0, 0
36239, 27619, 477, 5, ICMP, 7696.0, 1
41970, 68155, 190, 5, ICMP, 4546.0, 0
59964, 23688, 925, 3, ICMP, 928.0, 1
82675, 399537, 575, 12, ICMP, 7340.0, 0
85256, 279346, 992, 1, ICMP, 2413.0, 1
58140, 728374, 758, 10, ICMP, 2843.0, 0
1117, 420926, 110, 7, ICMP, 8701.0, 1
79388, 811104, 126, 6, ICMP, 2256.0, 0
59728, 537691, 619, 9, ICMP, 8871.0, 1
34261, 399172, 227, 4, ICMP, 4173.0, 0
71968, 214241, 629, 11, ICMP, 9357.0, 1
10893, 3365, 361, 8, ICMP, 5115.0, 0
61856, 480443, 896, 12, ICMP, 5433.0, 1
37679, 363441, 753, 10, ICMP, 7292.0, 0
48449, 912659, 759, 2, ICMP, 3932.0, 1
58342, 461889, 459, 5, ICMP, 7677.0, 0
46645, 692806, 860, 3, ICMP, 3320.0, 1
17328, 362154, 535, 11, ICMP, 4031.0, 0
40563, 529746, 863, 6, ICMP, 5402.0, 1
52318, 427673, 145, 3, ICMP, 3504.0, 0
79390, 93595, 172, 4, ICMP, 2858.0, 1
81920, 381137, 732, 7, ICMP, 686.0, 0
45462, 205163, 351, 12, ICMP, 8683.0, 1
78520, 537861, 737, 10, ICMP, 4997.0, 0
31937, 66111, 942, 8, ICMP, 9136.0, 1
30342, 267654, 972, 5, ICMP, 6730.0, 0
18354, 206039, 895, 1, ICMP, 3457.0, 1
37217, 952677, 890, 9, ICMP, 8733.0, 0
53262, 836977, 751, 11, ICMP, 8074.0, 1
18199, 530730, 604, 6, ICMP, 7429.0, 0
3771, 258319, 910, 3, ICMP, 5036.0, 1
9214, 350428, 413, 4, ICMP, 6622.0, 0
37521, 511322, 19, 12, ICMP, 6883.0, 1
28814, 942966, 903, 10, ICMP, 6128.0, 0
80279, 529712, 156, 8, ICMP, 8632.0, 1
54267, 716945, 135, 5, ICMP, 3309.0, 0
88104, 117636, 976, 1, ICMP, 7780.0, 1
19072, 747100, 856, 9, ICMP, 2179.0, 0
73515, 526661, 741, 11, ICMP, 4950.0, 1
78896, 869417, 145, 12, ICMP, 656.0, 0
35642, 661551, 441, 10, ICMP, 2351.0, 1
55420, 731566, 214, 8, ICMP, 8777.0, 0
17499, 339996, 848, 5, ICMP, 5192.0, 1
88500, 507021, 801, 3, ICMP, 7192.0, 0
64133, 6077, 129, 4, ICMP, 9818.0, 1
84736, 89439, 921, 7, ICMP, 8243.0, 0
88774, 171662, 990, 12, ICMP, 8844.0, 1
67245, 801348, 954, 10, ICMP, 5812.0, 0
66034, 792455, 348, 8, ICMP, 3441.0, 1
90286, 743067, 375, 5, ICMP, 8 3719.0, 0
80017, 76948, 465, 1, ICMP, 4271.0, 1
21371, 683802, 825, 9, ICMP, 1144.0, 0
24806, 599310, 275, 11, ICMP, 8845.0, 1
13840, 699808, 35, 6, ICMP, 9128.0, 0
48998, 154043, 806, 3, ICMP, 2365.0, 1
38079, 152858, 287, 4, ICMP, 158.0, 0
28251, 637934, 602, 7, ICMP, 1442.0, 1
94996, 461771, 550, 12, ICMP, 8982.0, 0
28401, 27281, 761, 1, ICMP, 5296.0, 1
56786, 764181, 566, 2, ICMP, 8614.0, 0
85610, 116064, 477, 5, ICMP, 9338.0, 1
77677, 526338, 354, 12, ICMP, 6589.0, 0
28408, 640233, 508, 10, ICMP, 1180.0, 1
2095, 750628, 174, 8, ICMP, 1184.0, 0
7646, 960676, 678, 5, ICMP, 8091.0, 1
19457, 560116, 500, 3, ICMP, 6581.0, 0
52587, 850866, 393, 4, ICMP, 3333.0, 1
79809, 574556, 645, 7, ICMP, 3097.0, 0
78686, 189693, 669, 12, ICMP, 6441.0, 1
76771, 698128, 853, 10, ICMP, 233.0, 0
31795, 534651, 485, 8, ICMP, 3118.0, 1
85047, 77092, 849, 5, ICMP, 1574.0, 0
99651, 741718, 743, 1, ICMP, 5519.0, 1
63812, 845233, 358, 9, ICMP, 6253.0, 0
32500, 556235, 419, 11, ICMP, 1415.0, 1
32382, 143715, 217, 6, ICMP, 4192.0, 0
7467, 688290, 239, 3, ICMP, 6233.0, 1
88553, 21832, 398, 4, ICMP, 3669.0, 0
83519, 344452, 481, 7, ICMP, 9220.0, 1
73931, 187086, 367, 12, ICMP, 8699.0, 0
39188, 842084, 586, 10, ICMP, 7477.0, 1
85122, 495777, 102, 8, ICMP, 5817.0, 0
97792, 940010, 572, 5, ICMP, 8387.0, 1
79979, 83338118, 266, 1, ICMP, 7604.0, 1
89332, 89765, 123, 44, UDP, 55.0, 0
909, 76545, 419, 11, ICMP, 6.0, 1
94521, 67324, 12, 0, ICMP, 3.0, 0
68476, 70153, 416, 17, TCP, 63.0, 1
38908, 42543, 612, 4, UDP, 12.0, 0
83955, 28334, 843, 17, UDP, 51.0, 1
87193, 28100, 591, 9, TCP, 56.0, 0
72306, 14787, 58, 44, ICMP, 0.0, 1
52807, 7037, 709, 0, ICMP, 9.0, 0
36040, 102043, 139, 11, TCP, 4104.0, 0
44613, 129905, 678, 12, UDP, 89.0, 1
80067, 58891, 685, 42, ICMP, 7.0, 0
150083, 9550, 486, 4, TCP, 54.0, 1
73566, 72058, 638, 0, UDP, 43.0, 0
46221, 129550, 851, 9, ICMP, 8.0, 1
58494, 12599, 371, 0, TCP, 60.0, 0
47182, 112040, 195, 11, UDP, 27.0, 1
95841, 111183, 698, 44, TCP, 40.0, 0
44876, 18243, 458, 42, ICMP, 6.0, 1
71112, 163781, 213, 17, UDP, 31.0, 0
75158, 118824, 848, 0, TCP, 38.0, 1
23223, 81473, 128, 17, ICMP, 3.0, 0
99499, 134444, 937, 11, UDP, 70.0, 1
69356, 67734, 634, 4, TCP, 26.0, 0
14771, 106576, 904, 0, ICMP, 8.0, 0
80078, 141357, 125, 44, UDP, 64.0, 0
80681, 153282, 488, 4, ICMP, 4.0, 0
7295, 6246, 243, 0, UDP, 28.0, 1
98585, 1223, 437, 11, ICMP, 7.0, 0
48810, 134094, 16, 12, TCP, 68.0, 1
27850, 51390, 572, 0, UDP, 38.0, 0
1946, 53250, 267, 9, ICMP, 2.0, 1
26622, 129386, 769, 17, TCP, 32.0, 0
94424, 156863, 295, 44, UDP, 71.0, 1
24499, 2044, 435, 42, TCP, 40.0, 0
40765, 160529, 75, 11, UDP, 67.0, 1
52947, 158384, 290, 4, TCP, 71.0, 0
86256, 131143, 910, 0, UDP, 67.0, 1
74035, 8999, 837, 17, ICMP, 9.0, 0
18837, 171941, 806, 9, TCP, 44.0, 0
47278, 117863, 363, 0, ICMP, 4.0, 0
19123, 3435, 14, 4, UDP, 53.0, 1
60443, 59721, 902, 12, ICMP, 0.0, 0
89661, 158538, 794, 42, TCP, 36.0, 1
18455, 89722, 472, 0, ICMP, 7.0, 0
21912, 17454, 474, 11, UDP, 63.0, 1
27590, 17683, 526, 44, TCP, 55.0, 0
17326, 39115, 752, 42, ICMP, 1.0, 0
69347, 35430, 333, 0, TCP, 25.0, 1
73732, 132217, 268, 4, UDP, 40.0, 0
27901, 108752, 732, 17, ICMP, 3.0, 1
14776, 54121, 190, 0, TCP, 55.0, 0
31754, 1722, 753, 9, UDP, 69.0, 1
85348, 23593, 295, 44, ICMP, 3.0, 0
12017, 18951, 932, 12, TCP, 32.0, 0
66940, 23903, 641, 0, ICMP, 1.0, 1
13156, 142246, 845, 4, UDP, 52.0, 0
30956, 165434, 295, 42, TCP, 76.0, 1
87844, 11356, 938, 0, ICMP, 3.0, 0
70227, 75020, 257, 11, UDP, 19.0, 1
518, 50764, 531, 5, ICMP, 2.0, 0
792, 77616, 811, 5, ICMP, 0.0, 0
595, 62404, 606, 5, ICMP, 2.6, 0
241, 47906, 611, 5, ICMP, 0.6, 0
536, 78101, 534, 5, ICMP, 2.0, 0
746, 18099, 782, 5, ICMP, 0.0, 0
490, 50037, 608, 5, ICMP, 0.3, 0
915, 71888, 810, 5, ICMP, 0.4, 0
724, 16091, 717, 5, ICMP, 0.0, 0
218, 79652, 806, 5, ICMP, 1.4, 0
812, 97285, 714, 5, ICMP, 1.6, 0
864, 74500, 582, 5, ICMP, 2.2, 0
478, 48376, 600, 5, ICMP, 0.2, 0
106, 14172, 590, 5, ICMP, 0.3, 0
262, 48983, 651, 5, ICMP, 0.9, 0
870, 77548, 545, 5, ICMP, 2.7, 0
811, 21462, 528, 5, ICMP, 1.5, 0
241, 36187, 804, 5, ICMP, 0.7, 0
261, 30599, 575, 5, ICMP, 1.7, 0
497, 34319, 819, 5, ICMP, 0.2, 0
750, 60550, 504, 5, ICMP, 2.3, 0
588, 75988, 751, 5, ICMP, 1.7, 0
525, 79211, 702, 5, ICMP, 0.3, 0
110, 28732, 805, 5, ICMP, 1.3, 0
375, 45041, 598, 5, ICMP, 2.7, 0
650, 31895, 801, 5, ICMP, 1.2, 0
907, 57642, 636, 5, ICMP, 0.2, 0
596, 82868, 630, 5, ICMP, 0.0, 0
532, 72830, 820, 5, ICMP, 2.4, 0
488, 11903, 618, 5, ICMP, 0.3, 0
637, 98536, 619, 5, ICMP, 0.3, 0
806, 97656, 547, 5, ICMP, 1.7, 0
518, 55938, 503, 5, ICMP, 2.9, 0
137, 24815, 580, 5, ICMP, 2.2, 0
224, 50623, 573, 5, ICMP, 1.7, 0
361, 64560, 621, 5, ICMP, 0.1, 0
580, 85959, 812, 5, ICMP, 0.7, 0
327, 61737, 593, 5, ICMP, 2.3, 0
109, 28403, 672, 5, ICMP, 2.9, 0
514, 17505, 592, 5, ICMP, 2.7, 0
218, 18151, 508, 5, ICMP, 1.6, 0
398, 74770, 608, 5, ICMP, 1.0, 0
926, 99265, 732, 5, ICMP, 2.9, 0
132, 98796, 738, 5, ICMP, 1.8, 0
222, 99278, 813, 5, ICMP, 0.8, 0
738, 68899, 552, 5, ICMP, 0.6, 0
326, 34651, 793, 5, ICMP, 1.3, 0
191, 51259, 840, 5, ICMP, 0.4, 0
916, 36226, 629, 5, ICMP, 2.9, 0
479, 51881, 780, 5, ICMP, 2.3, 0
272, 28375, 643, 5, ICMP, 1.1, 0
458, 59061, 536, 5, ICMP, 0.0, 0
150, 34539, 698, 5, ICMP, 0.8, 0
802, 60620, 678, 5, ICMP, 1.2, 0
702, 16619, 525, 5, ICMP, 0.4, 0
781, 77941, 618, 5, ICMP, 1.6, 0
921, 53599, 623, 5, ICMP, 0.7, 0
338, 19990, 602, 5, ICMP, 0.2, 0
179, 99250, 683, 5, ICMP, 0.3, 0
539, 39668, 631, 5, ICMP, 0.5, 0
625, 79548, 777, 5, ICMP, 0.0, 0
338, 85806, 549, 5, ICMP, 0.8, 0
426, 63162, 817, 5, ICMP, 1.4, 0
329, 83036, 722, 5, ICMP, 2.0, 0
645, 94772, 511, 5, ICMP, 1.5, 0
360, 46147, 822, 5, ICMP, 1.8, 0
381, 46420, 583, 5, ICMP, 1.8, 0
273, 80320, 794, 5, ICMP, 0.0, 0
886, 65722, 688, 5, ICMP, 0.7, 0
507, 70610, 510, 5, ICMP, 0.7, 0
287, 34352, 849, 5, ICMP, 0.4, 0
198, 45605, 846, 5, ICMP, 0.4, 0
303, 80887, 591, 5, ICMP, 0.2, 0
577, 61050, 701, 5, ICMP, 0.9, 0
180, 66967, 716, 5, ICMP, 0.7, 0
747, 73729, 837, 5, ICMP, 0.2, 0
793, 91742, 697, 5, ICMP, 0.2, 0
359, 57534, 647, 5, ICMP, 0.0, 0
283, 96282, 650, 5, ICMP, 0.7, 0
940, 93763, 818, 5, ICMP, 2.9, 0
330, 92317, 509, 5, ICMP, 1.2, 0
524, 49236, 570, 5, ICMP, 1.3, 0
807, 78343, 664, 5, ICMP, 0.3, 0
474, 61676, 673, 5, ICMP, 1.1, 0
815, 78617, 821, 5, ICMP, 1.5, 0
761, 79651, 797, 5, ICMP, 0.2, 0
314, 85600, 731, 5, ICMP, 0.2, 0
746, 24132, 544, 5, ICMP, 0.4, 0
848, 22991, 550, 5, ICMP, 0.2, 0
196, 12892, 840, 5, ICMP, 0.8, 0
239, 84344, 720, 5, ICMP, 0.1, 0
948, 88239, 685, 5, ICMP, 0.5, 0
249, 77731, 639, 5, ICMP, 0.6, 0
666, 76895, 581, 5, ICMP, 0.2, 0
607, 86397, 532, 5, ICMP, 0.3, 0
515, 24435, 689, 5, ICMP, 0.7, 0
610, 22077, 514, 5, ICMP, 1.4, 0
260, 81760, 795, 5, ICMP, 1.2, 0
273, 52275, 662, 5, ICMP, 1.8, 0
518, 50764, 531, 5, ICMP, 2.0, 0
792, 77616, 811, 5, ICMP, 0.0, 0
595, 62404, 606, 5, ICMP, 2.6, 0
241, 47906, 611, 5, ICMP, 0.6, 0
536, 78101, 534, 5, ICMP, 2.0, 0
746, 18099, 782, 5, ICMP, 0.0, 0
490, 50037, 608, 5, ICMP, 0.3, 0
915, 71888, 810, 5, ICMP, 0.4, 0
724, 16091, 717, 5, ICMP, 0.0, 0
218, 79652, 806, 5, ICMP, 1.4, 0
812, 97285, 714, 5, ICMP, 1.6, 0
864, 74500, 582, 5, ICMP, 2.2, 0
478, 48376, 600, 5, ICMP, 0.2, 0
106, 14172, 590, 5, ICMP, 0.3, 0
262, 48983, 651, 5, ICMP, 0.9, 0
870, 77548, 545, 5, ICMP, 2.7, 0
811, 21462, 528, 5, ICMP, 1.5, 0
241, 36187, 804, 5, ICMP, 0.7, 0
261, 30599, 575, 5, ICMP, 1.7, 0
497, 34319, 819, 5, ICMP, 0.2, 0
750, 60550, 504, 5, ICMP, 2.3, 0
588, 75988, 751, 5, ICMP, 1.7, 0
525, 79211, 702, 5, ICMP, 0.3, 0
110, 28732, 805, 5, ICMP, 1.3, 0
375, 45041, 598, 5, ICMP, 2.7, 0
650, 31895, 801, 5, ICMP, 1.2, 0
907, 57642, 636, 5, ICMP, 0.2, 0
596, 82868, 630, 5, ICMP, 0.0, 0
532, 72830, 820, 5, ICMP, 2.4, 0
488, 11903, 618, 5, ICMP, 0.3, 0
637, 98536, 619, 5, ICMP, 0.3, 0
806, 97656, 547, 5, ICMP, 1.7, 0
518, 55938, 503, 5, ICMP, 2.9, 0
137, 24815, 580, 5, ICMP, 2.2, 0
224, 50623, 573, 5, ICMP, 1.7, 0
361, 64560, 621, 5, ICMP, 0.1, 0
580, 85959, 812, 5, ICMP, 0.7, 0
327, 61737, 593, 5, ICMP, 2.3, 0
109, 28403, 672, 5, ICMP, 2.9, 0
514, 17505, 592, 5, ICMP, 2.7, 0
218, 18151, 508, 5, ICMP, 1.6, 0
398, 74770, 608, 5, ICMP, 1.0, 0
926, 99265, 732, 5, ICMP, 2.9, 0
132, 98796, 738, 5, ICMP, 1.8, 0
222, 99278, 813, 5, ICMP, 0.8, 0
738, 68899, 552, 5, ICMP, 0.6, 0
326, 34651, 793, 5, ICMP, 1.3, 0
191, 51259, 840, 5, ICMP, 0.4, 0
916, 36226, 629, 5, ICMP, 2.9, 0
479, 51881, 780, 5, ICMP, 2.3, 0
272, 28375, 643, 5, ICMP, 1.1, 0
458, 59061, 536, 5, ICMP, 0.0, 0
150, 34539, 698, 5, ICMP, 0.8, 0
802, 60620, 678, 5, ICMP, 1.2, 0
702, 16619, 525, 5, ICMP, 0.4, 0
781, 77941, 618, 5, ICMP, 1.6, 0
921, 53599, 623, 5, ICMP, 0.7, 0
338, 19990, 602, 5, ICMP, 0.2, 0
179, 99250, 683, 5, ICMP, 0.3, 0
539, 39668, 631, 5, ICMP, 0.5, 0
625, 79548, 777, 5, ICMP, 0.0, 0
338, 85806, 549, 5, ICMP, 0.8, 0
426, 63162, 817, 5, ICMP, 1.4, 0
329, 83036, 722, 5, ICMP, 2.0, 0
645, 94772, 511, 5, ICMP, 1.5, 0
360, 46147, 822, 5, ICMP, 1.8, 0
381, 46420, 583, 5, ICMP, 1.8, 0
273, 80320, 794, 5, ICMP, 0.0, 0
886, 65722, 688, 5, ICMP, 0.7, 0
507, 70610, 510, 5, ICMP, 0.7, 0
287, 34352, 849, 5, ICMP, 0.4, 0
198, 45605, 846, 5, ICMP, 0.4, 0
303, 80887, 591, 5, ICMP, 0.2, 0
577, 61050, 701, 5, ICMP, 0.9, 0
180, 66967, 716, 5, ICMP, 0.7, 0
747, 73729, 837, 5, ICMP, 0.2, 0
793, 91742, 697, 5, ICMP, 0.2, 0
359, 57534, 647, 5, ICMP, 0.0, 0
283, 96282, 650, 5, ICMP, 0.7, 0
940, 93763, 818, 5, ICMP, 2.9, 0
330, 92317, 509, 5, ICMP, 1.2, 0
524, 49236, 570, 5, ICMP, 1.3, 0
807, 78343, 664, 5, ICMP, 0.3, 0
474, 61676, 673, 5, ICMP, 1.1, 0
815, 78617, 821, 5, ICMP, 1.5, 0
761, 79651, 797, 5, ICMP, 0.2, 0
314, 85600, 731, 5, ICMP, 0.2, 0
746, 24132, 544, 5, ICMP, 0.4, 0
848, 22991, 550, 5, ICMP, 0.2, 0
196, 12892, 840, 5, ICMP, 0.8, 0
239, 84344, 720, 5, ICMP, 0.1, 0
948, 88239, 685, 5, ICMP, 0.5, 0
249, 77731, 639, 5, ICMP, 0.6, 0
666, 76895, 581, 5, ICMP, 0.2, 0
607, 86397, 532, 5, ICMP, 0.3, 0
515, 24435, 689, 5, ICMP, 0.7, 0
610, 22077, 514, 5, ICMP, 1.4, 0
260, 81760, 795, 5, ICMP, 1.2, 0
273, 52275, 662, 5, ICMP, 1.8, 0
718, 81447, 806, 5, ICMP, 1.8, 0
258, 98786, 793, 5, ICMP, 0.3, 0
170, 93484, 847, 5, ICMP, 1.4, 0
374, 33856, 816, 5, ICMP, 0.3, 0
527, 53368, 733, 5, ICMP, 1.6, 0
490, 83415, 634, 5, ICMP, 0.2, 0
320, 74392, 548, 5, ICMP, 1.0, 0
561, 81901, 730, 5, ICMP, 2.5, 0

683, 86718, 661, 2, ICMP, 0.0, 0
158, 30765, 515, 9, ICMP, 0.0, 0 
242, 51472, 507, 8, ICMP, 0.0, 0 
903, 14683, 127, 5, ICMP, 0.0, 0 
550, 42159, 562, 7, ICMP, 0.0, 0 
862, 70073, 850, 5, ICMP, 0.0, 0 
726, 60450, 608, 4, ICMP, 0.0, 0 
10, 68701, 408, 5, ICMP, 0.0, 0
143, 88807, 212, 5, ICMP, 0.0, 0 
731, 90311, 439, 3, ICMP, 0.0, 0
726, 92056, 324, 8, ICMP, 0.0, 0 
133, 72282, 819, 9, ICMP, 0.0, 0 
145, 47513, 534, 9, ICMP, 0.0, 0 
714, 89763, 304, 8, ICMP, 0.0, 0
309, 10382, 280, 2, ICMP, 0.0, 0
955, 24208, 132, 2, ICMP, 0.0, 0 
844, 6865, 226, 4, ICMP, 0.0, 0
433, 61803, 292, 4, ICMP, 0.0, 0 
381, 78623, 734, 9, ICMP, 0.0, 0
313, 17078, 242, 6, ICMP, 0.0, 0 
106, 73025, 11, 4, ICMP, 0.0, 0
654, 31807, 530, 1, ICMP, 0.0, 0 
113, 97806, 344, 10, ICMP, 0.0, 0
244, 43490, 636, 4, ICMP, 0.0, 0 
487, 56642, 755, 3, ICMP, 0.0, 0
581, 95175, 249, 4, ICMP, 0.0, 0
428, 13841, 773, 7, ICMP, 0.0, 0
399, 31513, 968, 1, ICMP, 0.0, 0
180, 64370, 240, 10, ICMP, 0.0, 0
706, 50306, 241, 10, ICMP, 0.0, 0
340, 79124, 123, 5, ICMP, 0.0, 0
937, 64299, 691, 6, ICMP, 0.0, 0
458, 82742, 848, 10, ICMP, 0.0, 0
733, 86920, 517, 9, ICMP, 0.0, 0
960, 95429, 662, 8, ICMP, 0.0, 0
763, 94535, 597, 1, ICMP, 0.0, 0
922, 57202, 510, 1, ICMP, 0.0, 0
660, 95132, 430, 7, ICMP, 0.0, 0
698, 54417, 349, 10, ICMP, 0.0, 0
863, 73442, 713, 8, ICMP, 0.0, 0
150, 83085, 121, 3, ICMP, 0.0, 0
775, 37671, 808, 9, ICMP, 0.0, 0
568, 43137, 111, 5, ICMP, 0.0, 0
787, 15469, 329, 4, ICMP, 0.0, 0
552, 90673, 804, 7, ICMP, 0.0, 0
191, 35216, 8, 8, ICMP, 0.0, 0
430, 75140, 282, 8, ICMP, 0.0, 0
662, 97090, 608, 9, ICMP, 0.0, 0
477, 27026, 974, 9, ICMP, 0.0, 0
156, 66787, 864, 1, ICMP, 0.0, 0
545, 2290, 878, 2, ICMP, 0.0, 0
907, 77425, 139, 7, ICMP, 0.0, 0
278, 95477, 300, 5, ICMP, 0.0, 0
595, 4457, 875, 8, ICMP, 0.0, 0
102, 99198, 147, 4, ICMP, 0.0, 0
553, 2244, 127, 7, ICMP, 0.0, 0
837, 51547, 453, 5, ICMP, 0.0, 0
985, 43820, 735, 4, ICMP, 0.0, 0
137, 84673, 545, 2, ICMP, 0.0, 0
297, 13162, 814, 6, ICMP, 0.0, 0
777, 69795, 602, 7, ICMP, 0.0, 0
612, 94714, 854, 10, ICMP, 0.0, 0
766, 20642, 762, 1, ICMP, 0.0, 0
294, 70546, 721, 2, ICMP, 0.0, 0
338, 34358, 641, 10, ICMP, 0.0, 0
218, 60517, 224, 9, ICMP, 0.0, 0
365, 42828, 494, 10, ICMP, 0.0, 0
341, 15801, 854, 8, ICMP, 0.0, 0
991, 27730, 678, 4, ICMP, 0.0, 0
195, 78931, 298, 4, ICMP, 0.0, 0
664, 71092, 663, 9, ICMP, 0.0, 0
989, 96364, 137, 2, ICMP, 0.0, 0
340, 6408, 384, 1, ICMP, 0.0, 0
178, 57717, 221, 9, ICMP, 0.0, 0
133, 4627, 333, 2, ICMP, 0.0, 0
737, 59427, 201, 8, ICMP, 0.0, 0
132, 57208, 615, 7, ICMP, 0.0, 0
169, 28352, 592, 5, ICMP, 0.0, 0
686, 14920, 635, 8, ICMP, 0.0, 0
100, 86039, 941, 2, ICMP, 0.0, 0
897, 703, 235, 9, ICMP, 0.0, 0
204, 92906, 390, 2, ICMP, 0.0, 0
910, 3902, 818, 10, ICMP, 0.0, 0
374, 51617, 442, 10, ICMP, 0.0, 0
392, 85157, 627, 5, ICMP, 0.0, 0
175, 41243, 614, 4, ICMP, 0.0, 0
186, 60702, 386, 7, ICMP, 0.0, 0
412, 74851, 971, 7, ICMP, 0.0, 0
377, 28230, 330, 4, ICMP, 0.0, 0
890, 78938, 489, 1, ICMP, 0.0, 0
125, 72326, 339, 7, ICMP, 0.0, 0
348, 95968, 392, 7, ICMP, 0.0, 0
426, 43468, 609, 4, ICMP, 0.0, 0
722, 70771, 275, 1, ICMP, 0.0, 0
182, 99448, 259, 9, ICMP, 0.0, 0
570, 98431, 827, 6, ICMP, 0.0, 0
833, 60234, 278, 5, ICMP, 0.0, 0
255, 87568, 987, 5, ICMP, 0.0, 0
267, 58607, 104, 3, ICMP, 0.0, 0
631, 68749, 741, 1, ICMP, 0.0, 0
747, 13753, 291, 10, ICMP, 0.0, 0
794, 92121, 390, 7, ICMP, 0.0, 0
737, 17065, 840, 10, ICMP, 0.0, 0
913, 79213, 658, 9, ICMP, 0.0, 0
451, 68509, 544, 2, ICMP, 0.0, 0
229, 70405, 934, 9, ICMP, 0.0, 0
421, 79466, 680, 3, ICMP, 0.0, 0
581, 23914, 706, 6, ICMP, 0.0, 0
949, 76933, 569, 9, ICMP, 0.0, 0
423, 5673, 304, 7, ICMP, 0.0, 0
740, 22118, 39, 4, ICMP, 0.0, 0
854, 72088, 938, 7, ICMP, 0.0, 0
973, 5892, 688, 8, ICMP, 0.0, 0
684, 71662, 630, 6, ICMP, 0.0, 0
191, 52771, 118, 8, ICMP, 0.0, 0
806, 153, 232, 3, ICMP, 0.0, 0
383, 86937, 144, 4, ICMP, 0.0, 0
172, 20724, 816, 10, ICMP, 0.0, 0
355, 22755, 217, 5, ICMP, 0.0, 0
971, 34913, 223, 8, ICMP, 0.0, 0
372, 36326, 814, 7, ICMP, 0.0, 0
585, 59648, 918, 9, ICMP, 0.0, 0
485, 28575, 699, 7, ICMP, 0.0, 0
380, 39513, 121, 8, ICMP, 0.0, 0
956, 62434, 819, 5, ICMP, 0.0, 0
408, 95253, 288, 6, ICMP, 0.0, 0
353, 46460, 99, 5, ICMP, 0.0, 0
604, 75372, 743, 10, ICMP, 0.0, 0
848, 6951, 384, 3, ICMP, 0.0, 0
897, 54520, 518, 4, ICMP, 0.0, 0
746, 76810, 60, 9, ICMP, 0.0, 0
293, 11311, 564, 10, ICMP, 0.0, 0
368, 56642, 825, 6, ICMP, 0.0, 0
139, 55626, 922, 8, ICMP, 0.0, 0
257, 94448, 220, 10, ICMP, 0.0, 0
614, 33619, 411, 7, ICMP, 0.0, 0
811, 6179, 334, 6, ICMP, 0.0, 0
954, 19045, 587, 4, ICMP, 0.0, 0
277, 18402, 977, 6, ICMP, 0.0, 0
369, 85919, 643, 5, ICMP, 0.0, 0
187, 47086, 921, 10, ICMP, 0.0, 0
719, 77410, 70, 4, ICMP, 0.0, 0
712, 11518, 647, 3, ICMP, 0.0, 0
193, 77963, 883, 4, ICMP, 0.0, 0
810, 66938, 212, 10, ICMP, 0.0, 0
648, 57632, 702, 4, ICMP, 0.0, 0
819, 71744, 439, 7, ICMP, 0.0, 0
922, 87799, 316, 4, ICMP, 0.0, 0
349, 34202, 358, 5, ICMP, 0.0, 0
863, 20402, 722, 2, ICMP, 0.0, 0 
973, 29356, 999, 8, ICMP, 0.0, 0
454, 16063, 351, 1, ICMP, 0.0, 0
569, 56903, 195, 8, ICMP, 0.0, 0
561, 63030, 91, 9, ICMP, 0.0, 0
412, 47275, 24, 2, ICMP, 0.0, 0
538, 86106, 112, 8, ICMP, 0.0, 0
904, 49831, 698, 8, ICMP, 0.0, 0
383, 94376, 468, 6, ICMP, 0.0, 0
607, 24106, 357, 6, ICMP, 0.0, 0
897, 22710, 94, 10, ICMP, 0.0, 0
807, 21897, 968, 6, ICMP, 0.0, 0
866, 93042, 602, 10, ICMP, 0.0, 0
764, 66317, 653, 3, ICMP, 0.0, 0
922, 61237, 405, 10, ICMP, 0.0, 0
592, 2360, 892, 4, ICMP, 0.0, 0
634, 35603, 231, 9, ICMP, 0.0, 0
716, 96620, 108, 8, ICMP, 0.0, 0
733, 59635, 845, 6, ICMP, 0.0, 0
859, 5578, 772, 5, ICMP, 0.0, 0
998, 93808, 232, 8, ICMP, 0.0, 0
366, 63430, 96, 10, ICMP, 0.0, 0
317, 55606, 552, 8, ICMP, 0.0, 0
431, 11021, 778, 10, ICMP, 0.0, 0
238, 75274, 817, 5, ICMP, 0.0, 0
884, 45930, 807, 8, ICMP, 0.0, 0
338, 67516, 599, 4, ICMP, 0.0, 0
540, 47465, 533, 9, ICMP, 0.0, 0
347, 96366, 114, 9, ICMP, 0.0, 0 
273, 96247, 267, 2, ICMP, 0.0, 0
903, 79297, 874, 4, ICMP, 0.0, 0
679, 93330, 500, 9, ICMP, 0.0, 0
531, 43560, 814, 8, ICMP, 0.0, 0
949, 68171, 733, 10, ICMP, 0.0, 0
949, 81842, 586, 7, ICMP, 0.0, 0
666, 4232, 978, 2, ICMP, 0.0, 0
310, 20318, 682, 4, ICMP, 0.0, 0
397, 39149, 943, 10, ICMP, 0.0, 0
209, 42010, 229, 4, ICMP, 0.0, 0
139, 73560, 816, 2, ICMP, 0.0, 0
496, 74229, 265, 5, ICMP, 0.0, 0
751, 39475, 705, 2, ICMP, 0.0, 0
837, 53634, 70, 8, ICMP, 0.0, 0
812, 26870, 303, 7, ICMP, 0.0, 0
236, 87467, 316, 10, ICMP, 0.0, 0
530, 2249, 400, 7, ICMP, 0.0, 0
405, 52080, 853, 8, ICMP, 0.0, 0 
401, 39298, 411, 4, ICMP, 0.0, 0 
567, 6999, 832, 3, ICMP, 0.0, 0
646, 12814, 661, 9, ICMP, 0.0, 0
976, 77884, 447, 8, ICMP, 0.0, 0 
423, 37446, 136, 7, ICMP, 0.0, 0
336, 64674, 609, 9, ICMP, 0.0, 0
128, 89942, 93, 6, ICMP, 0.0, 0 
432, 97786, 844, 5, ICMP, 0.0, 0
   
683, 86718, 661, 2, ICMP, 0.0, 0
158, 30765, 515, 9, ICMP, 0.0, 0 
242, 51472, 507, 8, ICMP, 0.0, 0 
903, 14683, 127, 5, ICMP,
