pktcount, bytecount, dur, flows, Protocol, tot_kbps, label
9487, 2578356, 209, 7, ICMP, 0.3, 0
131121, 21155928, 480, 1, ICMP, 0.6, 0 
1987, 786994, 229, 2, UDP, 0.7, 1
186015, 29293145, 176, 8, UDP, 0.9, 1
127551, 56321622, 512, 5, ICMP, 0.2, 0
66253, 15604100, 535, 9, UDP, 0.4, 1
112954, 34377240, 15, 3, ICMP, 0.8, 0
71172, 23379158, 155, 6, ICMP, 0.1, 0
4870, 3769947, 21, 4, UDP, 0.5, 1
51307, 13167443, 139, 2, ICMP, 0.6, 0
53154, 54518882, 373, 5, ICMP, 0.0, 0
76958, 53510681, 66, 8, ICMP, 0.9, 0
48476, 64737579, 29, 1, UDP, 0.1, 1
155320, 73747092, 124, 9, ICMP, 0.7, 0
67383, 81975529, 332, 6, ICMP, 0.3, 0
136322, 25050272, 110, 4, ICMP, 0.4, 0
191917, 19440223, 24, 3, UDP, 0.8, 1
81820, 36321317, 338, 7, ICMP, 0.2, 0
115209, 50731525, 401, 3, ICMP, 0.5, 0
126186, 4592942, 327, 9, UDP, 0.9, 1
10602, 83059367, 151, 7, UDP, 0.0, 1
181439, 73927712, 432, 2, UDP, 0.1, 1
83547, 30822716, 436, 6, UDP, 0.4, 1
22782, 77317287, 369, 4, UDP, 0.5, 1
95034, 79132896, 37, 1, ICMP, 0.6, 0
163751, 56166323, 287, 8, UDP, 0.7, 1
48800, 89914397, 300, 5, ICMP, 0.8, 0
59668, 49141787, 503, 1, UDP, 0.2, 1
120997, 43691763, 496, 9, ICMP, 0.3, 0
161408, 4121189, 590, 3, UDP, 0.9, 1
31269, 18316641, 41, 2, ICMP, 0.0, 0
5748, 46850425, 492, 4, UDP, 0.1, 1
73299, 4033910, 89, 5, ICMP, 0.2, 0
147990, 18345930, 466, 8, UDP, 0.3, 1
123336, 53171174, 294, 7, ICMP, 0.4, 0
130899, 51693403, 175, 1, ICMP, 0.5, 0
151044, 71286079, 256, 9, UDP, 0.6, 1
177222, 35383988, 286, 3, UDP, 0.7, 1
63868, 99045001, 44, 6, ICMP, 0.8, 0
59298, 64930845, 469, 4, ICMP, 0.9, 0
157569, 86584118, 530, 1, UDP, 0.0, 1
199010, 47130210, 577, 9, ICMP, 0.1, 0
62455, 73825966, 97, 2, UDP, 0.2, 1
82971, 27587432, 524, 7, ICMP, 0.3, 0
148020, 42789540, 107, 8, UDP, 0.4, 1
86773, 19474819, 155, 3, ICMP, 0.5, 0
170391, 31657597, 582, 6, UDP, 0.6, 1
21018, 80324819, 10, 5, ICMP, 0.7, 0
15564, 45897683, 106, 1, ICMP, 0.8, 0
91937, 84101784, 443, 9, ICMP, 0.9, 0
113109, 39561319, 443, 4, UDP, 0.0, 1
92283, 90193072, 487, 3, ICMP, 0.1, 0
179354, 39571744, 15, 2, ICMP, 0.2, 0
172529, 26783281, 15, 8, ICMP, 0.3, 0
43691, 2527967, 331, 7, UDP, 0.4, 1
163686, 62746811, 433, 5, ICMP, 0.5, 0
139886, 73143899, 421, 1, UDP, 0.6, 1
144360, 35493912, 441, 9, ICMP, 0.7, 0
112358, 50818371, 476, 3, UDP, 0.8, 1
46337, 98111608, 468, 6, ICMP, 0.9, 0
32891, 56009889, 281, 4, ICMP, 0.0, 0
192646, 56767733, 108, 1, ICMP, 0.1, 0
39560, 45654100, 418, 8, UDP, 0.2, 1
178248, 19545090, 518, 7, ICMP, 0.3, 0
172693, 16034476, 406, 5, UDP, 0.4, 1
186315, 10000245, 471, 2, ICMP, 0.5, 0
12714, 67266086, 157, 6, ICMP, 0.6, 0
197044, 51698021, 441, 9, UDP, 0.7, 1
39965, 19643402, 587, 3, ICMP, 0.8, 0
61625, 18112640, 397, 4, UDP, 0.9, 1
146737, 81378202, 134, 1, ICMP, 0.0, 0
69970, 66393826, 534, 8, ICMP, 0.1, 0
191178, 40619408, 269, 2, UDP, 0.2, 1
95351, 86937308, 56, 7, ICMP, 0.3, 0
88833, 56838379, 21, 5, UDP, 0.4, 1
81813, 24049658, 485, 6, ICMP, 0.5, 0
47313, 55912706, 147, 9, UDP, 0.6, 1
135920, 24332172, 110, 3, ICMP, 0.7, 0
981, 34418315, 219, 1, UDP, 0.8, 1
18815, 76423046, 586, 4, ICMP, 0.9, 0
188761, 81874477, 578, 8, UDP, 0.0, 1
145945, 76850137, 172, 2, UDP, 0.1, 1
188577, 35151312, 539, 7, ICMP, 0.2, 0
24434, 25460228, 76, 3, UDP, 6430.0, 1 
35542, 36879004, 170, 6, ICMP, 0.0, 1 
56322, 85998701, 32, 3, TCP, 1234.0, 0 
64714, 44843406, 11, 9, UDP, 3785.0, 1 
49258, 50270903, 54, 3, ICMP, 843.0, 0 
60647, 81548135, 76, 6, TCP, 3573.0, 0 
44820, 98641157, 5, 8, UDP, 172.0, 0 
68748, 75209923, 65, 1, TCP, 4764.0, 1 
23789, 1809637, 84, 2, ICMP, 256.0, 0 
84504, 83298065, 148, 9, UDP, 45.0, 0 
97929, 19653700, 153, 9, TCP, 4255.0, 1 
15662, 74144660, 60, 2, ICMP, 2032.0, 1 
63986, 54807332, 110, 6, ICMP, 847.0, 1 
40476, 44868020, 153, 5, ICMP, 379.0, 0 
35537, 93129924, 138, 7, UDP, 111.0, 0 
17315, 83664412, 138, 7, UDP, 5.0, 0 
83987, 88681177, 111, 4, UDP, 978.0, 0 
88814, 24559094, 4, 8, ICMP, 145.0, 0 
13453, 17097941, 100, 5, TCP, 383.0, 0 
87238, 73068371, 56, 8, TCP, 3025.0, 0 
15223, 21691857, 52, 5, UDP, 3953.0, 0 
46817, 85259414, 66, 6, TCP, 3682.0,0 
19068, 91750837, 17, 9, TCP, 181.0, 0 
60141, 87723710, 93, 3, TCP, 1350.0, 0 
71144, 33849990, 94, 4, TCP, 2923.0, 1 
84249, 30095796, 37, 3, TCP, 1315.0, 1 
9615, 96591646, 72, 9, UDP, 739.0, 1
14042, 75595467, 144, 7, TCP, 1807.0, 0 
28548, 69193820, 76, 9, TCP, 2076.0, 0 
22318, 19642711, 160, 7, UDP, 871.0, 1 
74820, 82682722, 83, 7, UDP, 718.0, 0 
71113, 29014509, 87, 6, TCP, 2706.0, 0 
59965, 64305202, 53, 8, TCP, 4347.0, 0 
98689, 98395813, 36, 2, UDP, 70.0, 1 
75581, 78020358, 135, 1, TCP, 4168.0, 1 
2132, 64650623, 64, 3, ICMP, 867.0, 1 
31244, 15960752, 156, 4, UDP, 822.0, 0 
6800, 26526241, 73, 5, ICMP, 440.0, 1 
94247, 97457137, 81, 5, UDP, 2164.0, 0 
15519, 50258296, 41, 4, TCP, 3641.0, 1 
89672, 39300874, 152, 7, TCP, 795.0, 0 
56888, 24803305, 20, 8, UDP, 255.0, 0 
2238, 97330986, 87, 4, TCP, 818.0, 1 
44466, 47699155, 40, 5, UDP, 4307.0, 0 
52321, 86674884, 47, 8, TCP, 507.0, 0
31384, 48956877, 151, 4, ICMP, 20.0, 0 
88512, 40943100, 148, 7, UDP, 828.0, 0 
10921, 35368617, 82, 4, ICMP, 333.0,0 
87683, 48456393, 103, 8, ICMP, 551.0, 1 
86230, 21147313, 15, 7, ICMP, 434.0, 0 
48105, 7352786, 159, 7, TCP, 745.0, 0 
62283, 78295735, 63, 4, UDP, 1988.0, 1 
23985, 46538675, 83, 4, UDP, 1714.0, 1 
629, 1978382, 160, 9, ICMP, 3485.0, 0 
48500, 11202770, 98, 6, TCP, 2008.0, 0 
63400, 49536081, 115, 9, TCP, 3346.0, 1 
43306, 59937443, 29, 2, TCP, 4.0, 1 
1475, 73408425, 88, 6, TCP, 1730.0, 0 
96690, 80801052, 98, 4, ICMP, 1929.0, 1 
4377, 96443210, 57, 4, UDP, 3850.0, 1 
36992, 16754977, 77, 6, ICMP, 1777.0, 0 
97439, 28447502, 21, 4, TCP, 1928.0, 0 
45067, 90694797, 132, 6, ICMP, 1235.0, 1 
66905, 69594556, 47, 7, UDP, 339.0, 0 
10155, 28683936, 100, 5, ICMP, 910.0, 0 
22387, 38121809, 59, 1, ICMP, 1625.0, 1 
61923, 65202958, 102, 9, UDP, 3246.0, 0 
81376, 66560452, 111, 1, TCP, 4122.0, 0 
65437, 61731890, 148, 9, UDP, 3800.0, 1 
66520, 67554171, 4, 7, ICMP, 3044.0, 1 
75837, 60876410, 171, 4, ICMP, 310.0, 0 
68828, 31417968, 16, 5, UDP, 1226.0, 1 
43932, 75810396, 15, 9, UDP, 3383.0, 0 
67355, 4370548, 56, 9, ICMP, 4377.0, 0 
66399, 39187790, 155, 9, TCP, 2835.0, 1 
72784, 51751247, 86, 9, TCP, 4491.0, 0 
4713, 15939696, 68, 4, ICMP, 362.0, 1 
91955, 42610890, 102, 4, TCP, 2088.0, 0 
19320, 25187650, 81, 6, TCP, 4679.0, 0 
79809, 37262554, 75, 9, TCP, 355.0, 0 
64927, 90943441, 47, 3, UDP, 3636.0, 1 
70627, 85797484, 130, 3, ICMP, 4354.0, 0 
61937, 77629343, 43, 8, TCP, 1239.0, 1 
12259, 66913504, 74, 4, UDP, 4902.0, 1 
97413, 59791300, 93, 6, UDP, 3950.0, 0 
74730, 47052331, 140, 8, ICMP, 4436.0, 0 
82801, 87393882, 19, 6, UDP, 145.0, 1 
62612, 54371239, 170, 9, ICMP, 4504.0, 0 
82220, 44004582, 173, 4, TCP, 4272.0, 0 
50340, 62463490, 70, 5, ICMP, 1066.0, 0 
66961, 60434110, 136, 5, UDP, 3667.0, 0 
40020, 62106152, 11, 9, ICMP, 1222.0, 1 
49033, 97501913, 179, 7, TCP, 4214.0, 1 
69044, 4326182, 82, 7, UDP, 2195.0, 0 
57669, 16954347, 77, 5, ICMP, 1605.0, 1 
1720, 56193368, 45, 1, UDP, 3251.0, 0 
3623, 34580227, 164, 9, TCP, 1868.0, 1 
98977, 22302119, 197, 7, ICMP, 1781.0, 1 
1566, 82731787, 29, 3, TCP, 1188.0, 0 
68713, 8211075, 145, 1, UDP, 961.0, 1 
34321, 17559537, 8, 8, UDP, 1989.0, 0 
77136, 97446191, 152, 6, TCP, 4461.0, 0 
87708, 46492024, 180, 2, ICMP, 1091.0, 0 
64921, 13583530, 129, 3, ICMP, 92.0, 1 
40273, 51409469, 182, 3, ICMP, 231.0, 0 
5675, 11808615, 149, 9, UDP, 201.0, 0 
96712, 20679688, 152, 9, TCP, 3581.0, 0 
52310, 97492035, 99, 9, ICMP, 4229.0, 1 
45920, 41706820, 72, 5, UDP, 3400.0, 0 
47358, 29803736, 78, 8, TCP, 2910.0, 0 
31890, 97717412, 152, 8, UDP, 3031.0, 0 
76602, 9171201, 99, 1, UDP, 213.0, 0 
67647, 70893841, 122, 2, ICMP, 791.0, 1 
49903, 4881462, 131, 7, TCP, 3560.0, 1 
27639, 23021941, 11, 4, TCP, 224.0, 1 
62119, 27638553, 12, 8, UDP, 4369.0, 0 
28038, 61951162, 191, 8, TCP, 4424.0, 0 
39450, 71845643, 122, 7, ICMP, 2495.0, 0 
24616, 47132910, 39, 8, TCP, 996.0, 0 
70871, 86441386, 125, 4, ICMP, 851.0, 1 
51748, 51182911, 186, 9, TCP, 2673.0, 1 
85505, 76716823, 98, 2, UDP, 3176.0, 0 
92445, 84730548, 184, 3, ICMP, 3425.0, 0 
7541, 57291020, 55, 6, ICMP, 4492.0, 0 
50356, 42234017, 54, 1, UDP, 4131.0, 0 
20161, 35525361, 140, 1, ICMP, 502.0, 1 
94630, 54311385, 26, 6, ICMP, 3318.0, 1 
81274, 88066287, 76, 9, UDP, 4781.0, 1 
33909, 96312597, 8, 3, ICMP, 700.0, 0 
4012, 94905519, 84, 4, ICMP, 48.0, 0 
84697, 92615120, 26, 3, ICMP, 223.0, 0 
26003, 67221531, 99, 5, UDP, 1177.0, 1 
46490, 10112688, 59, 1, ICMP, 3647.0, 0 
14800, 2859843, 25, 1, TCP, 2822.0, 0 
44347, 39180020, 182, 8, UDP, 2090.0, 0 
87362, 71403524, 25, 5, ICMP, 3002.0, 1 
45687, 86817175, 15, 4, TCP, 327.0, 0 
59173, 44536041, 78, 2, UDP, 4678.0, 0 
10788, 53500216, 152, 5, TCP, 2955.0, 1 
12334, 88920408, 155, 2, TCP, 1140.0, 1 
30704, 46599312, 47, 6, TCP, 39.0, 0 
14272, 40855068, 56, 3, UDP, 3652.0, 0 
4818, 96848736, 55, 5, TCP, 3760.0, 0 
31602, 89961299, 134, 6, TCP, 4607.0, 1 
99726, 66359145, 146, 3, TCP, 3420.0, 0 
30268, 923912.., 73, 3, UDP, 1730.0, 1 
63377, 74348053, 40, 9, ICMP, 491.0, 0 
34403, 31367677, 81, 9, ICMP, 1250.0, 1 
62936, 60828273, 86, 8, TCP, 2889.0, 0 
62012, 66182545, 78, 7, TCP, 1144.0, 0 
48242, 94092164, 191, 3, TCP, 504.0, 0 
11859, 16010963, 113, 7, ICMP, 4118.0, 1 
14993, 59424163, 29, 4, ICMP, 1888.0, 0 
21699, 43577995, 26, 7, TCP, 4575.0, 0 
21607, 27684548, 155, 8, ICMP, 2223.0, 1 
32100, 35914818, 35, 9, ICMP, 4917.0, 0 
15886, 7435906, 104, 3, TCP, 4106.0, 1 
83907, 68728518, 66, 6, ICMP, 180.0, 0 
27815, 39000605, 24, 2, UDP, 1278.0, 1 
31775, 76316375, 111, 4, UDP, 2742.0, 0 
45220, 31123099, 55, 6, UDP, 3386.0, 1 
91441, 14533741, 6, 8, UDP, 2334.0, 0 
84486, 25359721, 130, 8, TCP, 270.0, 1 
22995, 48035127, 119, 5, TCP, 650.0, 1 
22410, 72755654, 89, 9, TCP, 884.0, 0 
40881, 9222937, 74, 6, UDP, 4147.0, 0 
79362, 44870868, 23, 4, ICMP, 787.0, 0 
36811, 80915838, 71, 7, ICMP, 2336.0, 0 
10369, 98686294, 188, 7, ICMP, 3068.0, 1 
8740, 27881642, 134, 6, UDP, 4399.0, 1 
44819, 25574880, 181, 6, ICMP, 3846.0, 0 
24520, 89322244, 93, 4, TCP, 1695.0, 1 
36684, 60797217, 73, 1, TCP, 883.0, 0 
31824, 59539788, 36, 4, TCP, 1651.0, 0 
4384, 15994512, 173, 5, ICMP, 3982.0, 0 
19772, 55211409, 169, 8, UDP, 2836.0, 0 
25858, 24084168, 35, 8, ICMP, 1507.0, 1 
87436, 53964002, 136, 5, TCP, 2653.0, 1 
95264, 92636448, 185, 7, TCP, 2214.0, 0 
3900, 13107463, 83, 2, TCP, 621.0, 0 
2109, 16397319, 35, 5, UDP, 4233.0, 0 
78849, 75312360, 104, 9, ICMP, 2864.0, 1 
81972, 3123303, 419, 5, ICMP, 1171.0, 0
35302, 1061587, 63, 11, TCP, 1550.0, 1
89372, 3554867, 454, 17, ICMP, 2959.0, 0
61925, 2359025, 257, 4, ICMP, 1737.0, 0
50786, 2020561, 365, 12, TCP, 1081.0, 1
53497, 2378090, 404, 2, ICMP, 2777.0, 0
59060, 2534394, 286, 8, ICMP, 1256.0, 0
68128, 2890759, 372, 7, ICMP, 2829.0, 0
63791, 2593744, 302, 15, TCP, 3206.0, 1
16029, 830020, 175, 16, TCP, 2110.0, 1
11105, 527150, 454, 13, ICMP, 2074.0, 0
27631, 1332319, 25, 3, ICMP, 1776.0, 0
98642, 6444203, 498, 4, TCP, 3125.0, 1
69920, 3065730, 190, 7, ICMP, 1324.0, 0
 32198, 1073061, 304, 15, TCP, 3369.0, 1
66718, 2937715, 437, 2, ICMP, 904.0, 0
30324, 1364948, 134, 11, TCP, 3554.0, 1
34602, 1062676, 46, 18, ICMP, 1941.0, 0
62420, 2516257, 360, 9, TCP, 2186.0, 1
14919, 766357, 283, 14, ICMP, 2186.0, 0
52906, 2341144, 15, 3, TCM, 1982.0, 0
40026, 1514530, 422, 10, TCP, 2620.0, 1
93322, 5731307, 424, 4, TCP, 1627.0, 1
22081, 1019102, 13, 10, ICMP, 3402.0, 0
99177, 6451300, 137, 16, TCP, 2520.0, 1
54467, 2420220, 441, 12, ICMP, 3259.0, 0
71027, 3253695, 91, 18, ICMP, 1053.0, 0
69572, 3061650, 275, 4, TCP, 1409.0, 1
43315, 1617502, 237, 5, ICMP, 3823.0, 0
71537, 3267236, 284, 16, TCP, 1660.0, 1
34087, 1046879, 379, 17, ICMP, 3486.0, 0
22564, 1027453, 23, 5, TCP, 2551.0, 1
96424, 6330490, 282, 8, TCP, 1942.0, 1
38475, 1492665, 355, 15, ICMP, 3346.0, 0
48908, 1890537, 64, 7, TCP, 2959.0, 1
60880, 2474980, 397, 15, TCP, 1221.0, 1
38800, 1499071, 427, 3, ICMP, 223.0, 0
22199, 1014880, 366, 19, TCP, 1447.0, 1
81429, 3188522, 98, 2, TCP, 3460.0, 1
18245, 895371, 84, 17, ICMP, 2859.0, 0
14688, 759280, 86, 4, TCP, 2161.0, 1
79977, 3126604, 253, 12, TCP, 1345.0, 1
36836, 1435016, 33, 16, ICMP, 1490.0, 0
95015, 6118399, 436, 7, ICMP, 1292.0, 0
60119, 2461147, 192, 19, ICMP, 3415.0, 0
30399, 1365533, 197, 9, TCP, 2558.0, 1
69403, 3057097, 95, 8, TCP, 1080.0, 1
83558, 3270520, 115, 16, TCP, 1014.0, 1
73310, 3353242, 409, 19, ICMP, 3375.0, 0
34507, 1060695, 313, 16, ICMP, 3927.0, 0
79844, 3123256, 465, 2, ICMP, 3356.0, 0
85663, 3347362, 71, 5, TCP, 2343.0, 1
14731, 762266, 53, 4, ICMP, 1709.0, 0
97445, 6438241, 540, 15, ICMP, 1895.0, 0
87861, 3538514, 131, 14, ICMP, 2776.0, 0
48714, 1883068, 11, 10, TCP, 1574.0, 1
65764, 2885104, 65, 15, ICMP, 2006.0, 0
44975, 1708410, 148, 7, ICMP, 2005.0, 0
39725, 1505087, 472, 4, ICMP, 3175.0, 0
47548, 1811991, 195, 2, ICMP, 1419.0, 0
73119, 3348215, 151, 11, TCP, 3192.0, 1
28462, 1350996, 459, 13, TCP, 2422.0, 1
38248, 1485373, 468, 17, TCP, 3826.0, 1
53606, 2354104, 443, 14, ICMP, 2054.0, 0
66350, 2927746, 287, 12, ICMP, 2894.0, 0
89109, 3544067, 276, 16, ICMP, 1501.0, 0
83594, 3271332, 391, 15, TCP, 3074.0, 1
56837, 2501918, 29, 19, ICMP, 2107.0, 0
59177, 2539105, 194, 11, ICMP, 3336.0, 0
13958, 717560, 313, 7, TCP, 2656.0, 1
79631, 3119296, 436, 12, TCP, 1614.0, 1
16719, 847626, 467, 4, TCP, 1717.0, 1
79659, 3120572, 124, 7, ICMP, 2090.0, 0
73532, 3359698, 297, 19, ICMP, 995.0, 0
65873, 2890461, 240, 8, ICMP, 2293.0, 0
50613, 2019165, 78, 12, TCP, 3900.0, 1
12568, 659556, 325, 12, TCP, 4019.0, 1
22061, 1018581, 207, 9, ICMP, 3785.0, 0
94842, 6102082, 498, 3, TCP, 2717.0, 1
24174, 25769484, 58, 3, UDP, 6473.0, 1
25411, 64206, 896, 5, TCP, 47938.0, 0 
36573, 7280970, 30, 9, ICMP, 5.0, 0 
44072, 3147722, 98, 3, UDP, 8476.0, 1 
54041, 7084698, 78, 5, TCP, 21248.0, 1 
9737, 3222056, 21, 2, TCP, 84688.0, 0 
55978, 8952526, 40, 6, ICMP, 4.0, 0 
63155, 8486509, 6, 6, UDP, 9850.0, 0 
11345, 1688140, 78, 1, ICMP, 3.0, 0 
51437, 1558130, 4, 8, TCP, 78310.0, 1 
22073, 3146362, 27, 1, ICMP, 6.0, 0 
28545, 9323518, 59, 3, UDP, 14719.0, 0 
33319, 3100174, 0, 8, ICMP, 1.0, 0 
46566, 4061132, 57, 9, TCP, 11280.0, 1 
7911, 7382889, 98, 6, ICMP, 4.0, 0 
18307, 5731794, 41, 2, UDP, 8585.0, 1 
38394, 1046990, 71, 7, ICMP, 6.0, 0 
85411, 7487362, 91, 4, TCP, 53106.0, 0 
2433, 9647238, 73, 8, ICMP, 8.0, 0 
2000, 6167550, 22, 7, UDP, 5273.0, 0 
88260, 8373331, 3, 9, TCP, 3431.0, 0 
71609, 1671399, 85, 7, ICMP, 1.0, 0 
22376, 6937576, 86, 5, UDP, 11925.0, 1 
49187, 4603799, 13, 6, TCP, 96295.0, 1 
77809, 9314142, 61, 5, TCP, 88076.0, 0 
7525, 4536855, 14, 8, ICMP, 4.0, 0 
18219, 1747795, 63, 2, TCP, 39245.0, 1 
372, 5746366, 53, 9, UDP, 6713.0, 0 
6084, 7481161, 60, 5, UDP, 6677.0, 1 
6753, 7201936, 22, 5, UDP, 4048.0, 0 
99068, 9579090, 89, 9, TCP, 97128.0, 1 
64558, 1729666, 94, 4, UDP, 11441.0, 0 
3415, 3821287, 39, 5, TCP, 14378.0, 0 
9220, 5171790, 14, 8, ICMP, 7.0, 0 
58150, 5824636, 47, 2, UDP, 1970.0, 1 
9067, 9839772, 11, 4, ICMP, 5.0, 0 
39988, 264657, 72, 4, UDP, 3677.0, 1 
53068, 8304887, 18, 6, ICMP, 5.0, 0 
78753, 775453, 22, 6, TCP, 47521.0, 0 
42036, 1022420, 69, 1, ICMP, 2.0, 0 
38618, 5094745, 91, 3, TCP, 98188.0, 0 
6232, 4438796, 7, 6, ICMP, 8.0, 0 
68255, 9313484, 12, 9, UDP, 11106.0, 1 
38653, 6906828, 97, 7, ICMP, 4.0, 0 
23584, 1249635, 94, 7, UDP, 3968.0, 1 
85330, 4382192, 81, 4, ICMP, 1.0, 0 
8277, 4531472, 52, 7, TCP, 32642.0, 1 
93709, 3598266, 91, 5, TCP, 51620.0, 0 
24838, 394602, 73, 5, ICMP, 2.0, 0 
27208, 74860, 0, 9, ICMP, 7.0, 0 
48458, 7775355, 48, 2, UDP, 9217.0, 0 
84599, 370187, 88, 3, TCP, 21420.0, 0 
68357, 8710773, 47, 4, UDP, 5748.0, 0 
54735, 3323978, 47, 7, TCP, 77441.0, 0 
5941, 2816491, 24, 1, ICMP, 5.0, 0 
55590, 7922988, 64, 1, UDP, 11548.0, 1 
43219, 5238732, 47, 6, TCP, 20258.0, 1 
86410, 5368338, 10, 3, UDP, 14205.0, 0 
22450, 1587983, 5, 8, ICMP, 5.0, 0 
51798, 2673910, 67, 9, UDP, 10016.0, 1 
59043, 8848536, 15, 7, TCP, 1639.0, 1 
95038, 6259291, 85, 6, UDP, 14366.0, 0 
78548, 936395, 30, 8, TCP, 44452.0, 0 
76103, 6802010, 27, 5, ICMP, 6.0, 0 
30919, 7524240, 40, 6, ICMP, 5.0, 0 
27934, 938165, 62, 8, UDP, 15938.0, 1 
72738, 9040894, 64, 8, TCP, 73519.0, 0 
8814, 3502644, 19, 4, TCP, 77881.0, 0 
34810, 3503850, 98, 8, TCP, 36170.0, 1 
99266, 1748724, 73, 4, TCP, 28706.0, 0 
18736, 2588859, 54, 2, UDP, 8855.0, 0 
70700, 6452935, 65, 3, UDP, 1066.0, 0 
45847, 8851711, 30, 8, ICMP, 3.0, 0 
23380, 4829237, 75, 6, TCP, 83748.0, 0 
31842, 5978527, 15, 9, ICMP, 9.0, 0 
70522, 4457736, 75, 9, UDP, 14173.0, 0 
1786, 3974539, 93, 6, TCP, 12510.0, 0 
36079, 6556745, 89, 4, UDP, 6068.0, 0 
83876, 4206117, 28, 1, UDP, 8664.0, 1 
4445, 2841928, 85,1 , ICMP, 7.0, 0 
73703, 1600372, 91, 7, TCP, 85405.0, 0 
47483, 2131982, 84, 4, ICMP, 7.0, 0 
5977, 498523, 0, 6, UDP, 1952.0, 1 
97305, 8257629, 84, 8, UDP, 17040.0, 0 
61838, 5899131, 22, 8, ICMP, 6.0, 0 
8409, 8530161, 84, 8, UDP, 17576.0, 1 
76813, 3964602, 97, 5, UDP, 7021.0, 0
81173, 84064876, 85, 5, ICMP, 1045.0, 0
8734, 21591864, 155, 8, UDP, 8802.0, 0
19249, 50174756, 57, 7, TCP, 278.0, 1
58478, 21352394, 158, 4, ICMP, 1545.0, 0
35685, 36560268, 142, 5, TCP, 4132.0, 1
66969, 63515010, 47, 6, UDP, 650.0, 0 
27399, 14223050, 142, 9, ICMP, 53.0, 0
76507, 48348242, 44, 8, TCP, 7794.0, 0
8183, 94360690, 205, 9, UDP, 7607.0, 0
20945, 83221991, 62, 5, ICMP, 2886.0, 1
8620, 53661972, 216, 6, ICMP, 3455.0, 1
23633, 43972974, 46, 2, UDP, 1550.0, 1
13440, 75902991, 132, 9, ICMP, 1191.0, 0
64920, 48739295, 20, 6, UDP, 731.0, 1
30856, 73804780, 250, 9, ICMP, 9294.0, 0
8732, 94519880, 9, 3, UDP, 8761.0, 0
20244, 43136232, 227, 5, TCP, 3488.0, 0
55841, 42681393, 39, 4, UDP, 1742.0, 0
98579, 85256639, 45, 10, ICMP, 7123.0, 0
66581, 76426090, 145, 3, UDP, 5290.0, 0
34730, 25931109, 192, 3, TCP, 986.0, 0
7246, 59746718, 132, 7, ICMP, 7388.0, 1
34360, 74619253, 81, 10, UDP, 4977.0, 1
77385, 89544286, 131, 8, TCP, 9420.0, 1
47213, 89980255, 156, 7, TCP, 2879.0, 1
1167, 93441527, 149, 9, ICMP, 5892.0, 0
38312, 69735275, 196, 6, TCP, 644.0, 1
12345, 55625825, 118, 2, UDP, 7346.0, 0
62508, 53611882, 111, 6, ICMP, 7954.0, 0
33675, 80310400, 152, 7, ICMP, 2073.0, 0
6929, 40772622, 37, 2, TCP, 858.0, 1
61626, 13877253, 7, 5, UDP, 4177.0, 0
77746, 46217720, 77, 4, ICMP, 3611.0, 0
48604, 51775480, 100, 10, UDP, 2378.0, 0
3074, 85210586, 116, 7, TCP, 6377.0, 1
20572, 73380320, 73, 7, ICMP, 6460.0, 0
54534, 13129799, 64, 3, TCP, 3688.0, 1
51367, 37120374, 243, 1, UDP, 1318.0, 1
4545, 41736191, 67, 8, ICMP, 4306.0, 0
9825, 74780059, 128, 7, UDP, 3024.0, 1
36192, 69737503, 217, 6, UDP, 6683.0, 0
95661, 53524565, 88, 3, ICMP, 1220.0, 0
67253, 51171402, 149, 5, UDP, 3972.0, 1
8027, 93764784, 40, 5, ICMP, 831.0, 0
33024, 84329272, 94, 2, UDP, 973.0, 0
9736, 31448548, 28, 4, ICMP, 4962.0, 1
7454, 88555032, 29, 4, TCP, 8733.0, 1
9243, 34571787, 116, 5, ICMP, 659.0, 1
33653, 58840539, 241, 6, TCP, 983.0, 0
75529, 83102405, 173, 3, ICMP, 4459.0, 0
77271, 37006070, 129, 6, UDP, 1712.0, 0
51156, 98299554, 230, 9, ICMP, 1751.0, 0
37045, 833111600, 82, 4, UDP, 3050.0, 0
57002, 14782912, 81, 7, ICMP, 6924.0, 0
12329, 58517231, 184, 4, TCP, 1937.0, 1
90318, 65886807, 37, 2, ICMP, 5104.0, 1
42068, 11498992, 132, 5, ICMP, 7037.0, 1
84180, 63280839, 134, 7, UDP, 3907.0, 0
34134, 54477160, 55, 9, ICMP, 8078.0, 0
85786, 61304350, 176, 4, ICMP, 7687.0, 0
67758, 56092782, 218, 3, TCP, 5299.0, 1
87298, 61041553, 91, 8, UDP, 4643.0, 1
94993, 73815792, 13, 6, ICMP, 2502.0, 0
53145, 77540120, 15, 3, TCP, 5902.0, 0

97991, 145992199, 668, 5, ICMP, 5675.0, 1
71009, 32406896, 514, 3, TCP, 5040.0, 0
56211, 154855748, 609, 3, ICMP, 4879.0, 1
14052, 15650883, 921, 9, TCP, 6699.0, 0
17030, 181274915, 952, 2, ICMP, 4372.0, 1
77387, 60704140, 687, 6, TCP, 6224.0, 0
13600, 80445602, 811, 5, ICMP, 4101.0, 1
18039, 40645983, 616, 1, TCP, 6476.0, 0
99445, 192407235, 302, 1, ICMP, 5983.0, 1
48908, 167456354, 580, 1, TCP, 4727.0, 0
53418, 4218158, 881, 4, ICMP, 4165.0, 1
75084, 83036547, 894, 9, TCP, 6007.0, 0
79153, 49800925, 227, 1, ICMP, 6472.0, 1
65438, 58662777, 535, 5, TCP, 5286.0, 0
69412, 101255990, 653, 8, ICMP, 5041.0, 1
49943, 46929768, 823, 3, TCP, 4580.0, 0
83632, 61487214, 741, 4, ICMP, 6093.0, 1
17464, 49326673, 843, 5, TCP, 6611.0, 0
35464, 72609800, 683, 9, ICMP, 6596.0, 1
51919, 6829532, 596, 8, TCP, 6269.0, 0
76488, 19966902, 987, 1, ICMP, 5269.0, 1
10622, 39370579, 541, 4, TCP, 4390.0, 0
20223, 188840415, 783, 8, ICMP, 5976.0, 1
20182, 140824286, 599, 6, TCP, 6256.0, 0
29013, 97638545, 327, 9, ICMP, 4698.0, 1
95677, 12382490, 644, 2, TCP, 6799.0, 0
93400, 5784527, 307, 4, ICMP, 6372.0, 1
93754, 160427911, 416, 5, TCP, 4884.0, 0
62174, 92954648, 680, 7, ICMP, 4449.0, 1
56893, 197068258, 833, 7, TCP, 6868.0, 0
63738, 52100707, 722, 1, ICMP, 5181.0, 1
70548, 149992902, 858, 4, TCP, 6843.0, 0
73386, 180635724, 304, 3, ICMP, 4581.0, 1
56433, 168902398, 703, 6, TCP, 4678.0, 0
53561, 181084623, 648, 9, ICMP, 6214.0, 1
91065, 68637804, 161, 5, TCP, 6637.0, 0
65078, 186490253, 468, 7, ICMP, 5343.0, 1
98126, 1615782, 365, 8, TCP, 4010.0, 0
45031, 75766366, 115, 9, ICMP, 5450.0, 1
78954, 131428980, 777, 7, TCP, 6573.0, 0
16676, 78557397, 972, 6, ICMP, 5804.0, 1
40749, 183024048, 883, 4, TCP, 4025.0, 0
49964, 200950433, 301, 6, ICMP, 4836.0, 1
73101, 153760067, 923, 2, TCP, 6376.0, 0
81170, 77650614, 600, 4, ICMP, 6809.0, 1
84655, 117253519, 874, 5, TCP, 6669.0, 0
86930, 67607335, 442, 2, ICMP, 5976.0, 1
41693, 21238178, 750, 3, TCP, 4566.0, 0
71007, 109142460, 408, 8, ICMP, 5686.0, 1
17773, 58896513, 881, 9, TCP, 6675.0, 0
42350, 48067104, 614, 1, ICMP, 6550.0, 1
27814, 152366162, 847, 6, TCP, 4410.0, 0
86885, 69037752, 404, 9, ICMP, 6621.0, 1
78022, 74662420, 498, 5, TCP, 4594.0, 0
95150, 113059198, 702, 7, ICMP, 5149.0, 1
68872, 183644619, 223, 8, TCP, 6687.0, 0
79655, 119117203, 732, 5, ICMP, 5822.0, 1
73483, 21652063, 927, 1, TCP, 6983.0, 0
39166, 133559460, 849, 1, ICMP, 5267.0, 1
35003, 65368246, 477, 3, TCP, 6660.0, 0
61399, 190948989, 568, 4, ICMP, 6641.0, 1
81688, 34405403, 420, 7, TCP, 6294.0, 0
56505, 112407234, 106, 4, ICMP, 6800.0, 1
57184, 5564927, 941, 1, TCP, 4681.0, 0
63697, 129374639, 790, 8, ICMP, 6756.0, 1
56301, 51390267, 638, 9, TCP, 4333.0, 0
94013, 163631090, 251, 3, ICMP, 4331.0, 1
63336, 65996112, 197, 13, ICMP, 0.0, 1
60240, 62770080, 190, 3, UDP, 0.0, 1
17049, 69023573, 203, 13, ICMP, 0.0, 0
11627, 68019918, 126, 2, UDP, 32.6, 1
34972, 61332183, 74, 6, ICMP, 0.0, 0
10917, 68196682, 187, 7, ICMP, 0.0, 1
50895, 65442269, 51, 12, UDP, 0.0, 0
7777, 64704400, 21, 12, UDP, 32.6, 1
37775, 60938815, 50, 5, UDP, 0.0, 0
20310, 64557916, 69, 9, ICMP, 0.0, 0
10220, 68286255, 96, 2, UDP, 0.0, 0
25847, 64551782, 127, 4, UDP, 40.5, 1
37290, 60589026, 105, 9, ICMP, 0.0, 1
64881, 61421112, 197, 9, ICMP, 0.0, 0
57804, 62841136, 183, 4, ICMP, 0.0, 0
30190, 66145020, 140, 4, ICMP, 30.8, 0
56791, 64771535, 82, 5, ICMP, 0.0, 1
31583, 60765708, 171, 10, UDP, 0.0, 1
50488, 61166919, 63, 3, UDP, 0.0, 1
62699, 63978854, 105, 8, UDP, 0.0, 0
53583, 66031097, 151, 11, UDP, 0.0, 0
572, 64117848, 175, 7, ICMP, 0.0, 0
61681, 62161845, 170, 12, UDP, 0.0, 0
24314, 60798190, 217, 10, ICMP, 0.0, 1
54154, 66678641, 105, 13, ICMP, 0.0, 0
456, 63159475, 203, 7, ICMP, 0.0, 0
52350, 63508380, 160, 13, ICMP, 0.0, 1
9702, 63585338, 176, 9, ICMP, 0.0, 0
58875, 63680500, 85, 9, ICMP, 0.0, 0
50354, 67875323, 118, 12, UDP, 0.0, 0
64128, 62452077, 144, 7, ICMP, 0.0, 1
48328, 66450849, 128, 11, UDP, 0.0, 0
49404, 62451127, 207, 11, UDP, 33.4, 0
34769, 67339632, 125, 9, UDP, 0.0, 1
273, 63491947, 40, 9, ICMP, 0.0, 0
42840, 64634127, 211, 2, ICMP, 0.0, 0
44196, 65720240, 119, 4, UDP, 0.0, 0
37926, 63682563, 174, 8, UDP, 36.2, 0
19272, 63330786, 101, 11, UDP, 0.0, 1
64560, 62409390, 198, 3, ICMP, 0.0, 1
42418, 60159867, 84, 12, UDP, 0.0, 0
34728, 61967618, 165, 6, UDP, 0.0, 1
54309, 68555918, 135, 5, ICMP, 0.0, 0
40090, 62946510, 190, 5, ICMP, 0.0, 0
38245, 62764511, 68, 14, UDP, 0.0, 0
41764, 67061387, 104, 14, UDP, 0.0, 0
45720, 66894357, 194, 14, UDP, 31.1, 1
2062, 60506499, 120, 7, ICMP, 0.0, 1
1988, 62339910, 82, 14, UDP, 39.9, 0
20874, 62009118, 35, 3, UDP, 0.0, 0
23713, 60345691, 182, 13, ICMP, 0.0, 0
47678, 69193444, 50, 5, ICMP, 0.0, 0
12504, 62792317, 99, 11, ICMP, 0.0, 0
11608, 67701988, 61, 10, ICMP, 0.0, 0
45391, 66240482, 101, 11, UDP, 32.5, 0
37961, 66333787, 141, 13, UDP, 0.0, 0
12231, 61372744, 192, 10, ICMP, 0.0, 1
62796, 64037137, 122, 4, UDP, 0.0, 0
6917, 63820653, 32, 11, ICMP, 0.0, 0
61613, 69526532, 13, 7, ICMP, 0.0, 0
15071, 66712592, 211, 12, ICMP, 35.1, 1
20755, 61855003, 90, 12, ICMP, 0.0, 0
20661, 68259494, 100, 5, ICMP, 0.0, 0
61895, 64651266, 209, 7, ICMP, 39.6, 0
4053, 66884793, 134, 10, ICMP, 0.0, 0
63533, 64846228, 47, 8, UDP, 37.2, 0
16417, 63875733, 10, 8, ICMP, 0.0, 1
40568, 66106822, 208, 14, ICMP, 38.4, 0
27556, 68309232, 140, 3, UDP, 32.0, 1
57692, 61679543, 181, 5, UDP, 37.3, 1
29841, 62840520, 196, 8, ICMP, 0.0, 1
12866, 68466862, 189, 14, ICMP, 33.2, 0
23216, 61362157, 173, 12, UDP, 38.2, 0
51772, 64312229, 140, 11, ICMP, 0.0, 1
41989, 64583045, 53, 14, ICMP, 0.0, 0
13870, 66804653, 131, 13, UDP, 33.7, 0
20550, 69751142, 178, 6, UDP, 0.0, 1
718, 62772316, 169, 10, ICMP, 0.0, 1
35283, 62200745, 112, 4, ICMP, 0.0, 1
4002, 61628335, 63, 6, UDP, 0.0, 0
55151, 60414479, 122, 6, UDP, 32.4, 1
41027, 60745814, 132, 8, ICMP, 0.0, 0
60024, 67668009, 20, 4, ICMP, 0.0, 0
59240, 61926847, 154, 13, ICMP, 33.2, 1
13816, 67619101, 219, 9, ICMP, 0.0, 0
55619, 63412242, 86, 7, UDP, 0.0, 0
6831, 64514074, 64, 10, ICMP, 0.0, 0
12878, 63720477, 171, 6, ICMP, 0.0, 0
18433, 60542798, 171, 9, UDP, 31.2, 1
3553, 64442559, 35, 12, ICMP, 0.0, 0
38125, 61679745, 76, 5, UDP, 0.0, 0
21550, 68530702, 31, 11, ICMP, 36.9, 1
14900, 61231277, 39, 12, UDP, 0.0, 0
30308, 61159392, 46, 9, ICMP, 29.2, 0
3560, 63890355, 186, 12, ICMP, 34.1, 1
19726, 65601127, 56, 11, UDP, 40.5, 0
10631, 64598188, 64, 3, UDP, 0.0, 0
43260, 60556488, 71, 8, ICMP, 37.5, 0
4002, 60453972, 135, 11, UDP, 0.0, 0
18317, 65795048, 42, 7, ICMP, 0.0, 1
12855, 61186290, 53, 6, UDP, 36.6, 1
31445, 67764461, 17, 12, UDP, 33.1, 1
64486, 65927010, 151, 8, ICMP, 34.3, 1
37506, 60092995, 179, 14, UDP, 0.0, 1
49168, 62416521, 6, 14, ICMP, 0.0, 1
14886, 63894705, 55, 9, ICMP, 0.0, 0
48950, 64719767, 28, 6, UDP, 31.6, 1
1943, 63517570, 118, 6, UDP, 33.4, 0
47116, 65860755, 209, 11, ICMP, 33.1, 0
47820, 68288372, 59, 5, ICMP, 0.0, 1
18073, 60617467, 85, 3, UDP, 0.0, 0
4934, 64745032, 168, 5, ICMP, 30.5, 1
19757, 64792582, 134, 13, ICMP, 0.0, 0
28664, 66331718, 143, 2, ICMP, 40.3, 0
26055, 65870584, 41, 7, ICMP, 0.0, 0
40692, 68379501, 108, 14, ICMP, 34.1, 0
47848, 63301045, 128, 10, UDP, 35.6, 1
11125, 61824862, 174, 5, ICMP, 32.3, 0
9812, 60082993, 151, 6, UDP, 31.3, 1
61087, 66941383, 21, 8, ICMP, 0.0, 0
46828, 60908871, 51, 2, ICMP, 0.0, 0
52202, 61481057, 27, 14, ICMP, 37.8, 0
29097, 64146628, 99, 12, UDP, 36.5, 0
63533, 60966367, 85, 7, ICMP, 0.0, 1
63186, 67153658, 184, 14, UDP, 0.0, 1
13537, 65904599, 160, 9, ICMP, 0.0, 0
40317, 68370214, 2, 11, UDP, 37.4, 0
47672, 69519407, 36, 14, ICMP, 39.5, 1
60579, 69862399, 71, 8, UDP, 0.0, 1
27591, 61383209, 26, 9, UDP, 0.0, 0
2254, 64574402, 31, 8, ICMP, 30.4, 1
44463, 61920350, 80, 12, ICMP, 33.6, 1
68272, 69000036, 149, 6, UDP, 0.0, 1
47399, 62716782, 64, 9, UDP, 0.0, 1
35855, 66563403, 63, 6, UDP, 0.0, 1
51028, 68257905, 112, 9, ICMP, 0.0, 0
16457, 63362405, 170, 3, ICMP, 32.5, 0
37286, 60413992, 182, 2, UDP, 0.0, 0
45208, 65863359, 117, 11, UDP, 33.3, 1
55330, 63346231, 156, 12, ICMP, 0.0, 0
30256, 61027248, 131, 14, UDP, 0.0, 0
56371, 61043463, 92, 8, ICMP, 29.3, 0
38065, 66392341, 13, 8, ICMP, 30.3, 0
27894, 69915819, 177, 11, ICMP, 0.0, 1
55858, 61902720, 44, 12, UDP, 40.3, 0
23184, 66509969, 118, 6, ICMP, 37.9, 0
25352, 62321250, 169, 7, UDP, 34.3, 0
11551, 61706036, 34, 13, UDP, 40.1, 0
20856, 64632242, 126, 7, ICMP, 0.0, 0
48688, 68129114, 43, 10, UDP, 33.1, 0
38594, 61254684, 79, 10, UDP, 0.0, 1
27099, 69630931, 183, 2, UDP, 0.0, 0
338, 64512127, 49, 12, ICMP, 0.0, 1
59790, 68152589, 10, 11, ICMP, 38.1, 0
34719, 68269283, 28, 2, ICMP, 0.0, 1
26573, 60411785, 80, 6, ICMP, 30.4, 0
7372, 64217132, 140, 6, UDP, 35.0, 0
36853, 69438003, 46, 8, UDP, 33.3, 1
19582, 63937521, 94, 8, UDP, 29.0, 1
56486, 61777457, 21, 11, UDP, 0.0, 1
57990, 61636539, 48, 10, ICMP, 0.0, 1
41285, 63746649, 55, 10, ICMP, 29.1, 0
8401, 61963022, 152, 13, ICMP, 37.3, 0
58745, 68223617, 156, 3, UDP, 0.0, 1
57194, 69795894, 176, 8, UDP, 40.1, 0
61151, 66492560, 87, 13, ICMP, 0.0, 0
13566, 67868086, 29, 4, ICMP, 0.0, 0
37293, 60429292, 182, 3, UDP, 38.5, 0
27556, 69569333, 57, 4, ICMP, 0.0, 0
26048, 63314070, 53, 14, UDP, 36.4, 1
35561, 69954261, 194, 8, ICMP, 32.8, 1
44044, 66174992, 138, 14, UDP, 32.4, 1
1527, 61373241, 103, 11, ICMP, 39.0, 0
19227, 62701354, 99, 13, ICMP, 33.4, 0
24545, 63745187, 12, 3, UDP, 36.7, 1
32845, 68655611, 161, 3, UDP, 39.9, 0
39809, 61951716, 83, 3, ICMP, 35.1, 1
43490, 61363782, 150, 5, ICMP, 0.0, 0
25154, 63411349, 183, 2, UDP, 0.0, 1
20439, 67943379, 13, 11, ICMP, 36.7, 0
3258, 68462460, 40, 14, UD
15286, 886588, 50, 9, TCP, 12710.0, 0
345, 33810, 353, 13, ICMP, 9950.0, 0
92610, 10681, 23, 5, ICMP, 8560.0, 0
45072, 91560, 51, 1, TCP, 4862.0, 0
82110, 99750, 352, 11, ICMP, 1843.0, 0
79173, 98466, 29, 15, TCP, 8800.0, 0
22178, 69917, 149, 7, ICMP, 6500.0, 0
57454, 34280, 468, 9, TCP, 8393.0, 0
91090, 19793, 214, 5, ICMP, 8187.0, 0
35992, 34199, 14, 9, TCP, 6807.0, 0
22972, 24117, 78, 15, ICMP, 7125.0, 0
88258, 34122, 40, 7, TCP, 4205.0, 0
89154, 43714, 241, 1, ICMP, 3832.0, 0
16862, 5175, 73, 1, TCP, 12616.0, 0
724, 42621, 291, 7, ICMP, 3305.0, 0
71902, 54755, 408, 15, TCP, 11076.0, 0
79220, 11814, 332, 5, ICMP, 8099.0, 0
14679, 13405, 108, 1, TCP, 5877.0, 0
38982, 8657, 409, 13, ICMP, 6397.0, 0
27086, 28679, 324, 11, TCP, 6711.0, 0
75121, 41119, 233, 11, ICMP, 6619.0, 0
   
15286, 886588, 50, 9, TCP, 12710.0, 0
345, 33810, 353, 13, ICMP, 9950.0, 0
92610, 10681, 23, 5, ICMP, 8560.0, 0
45072, 91560, 51, 1, TCP, 4862.0, 0
82110, 99750, 352, 11, ICMP, 1843.0, 0
79173, 98466, 29, 15, TCP, 8800.0, 0
22178, 69917, 149, 7, ICMP, 6500.0, 0
57454, 34280, 468, 9, TCP, 8393.0, 0
91090, 19793, 214, 5, ICMP, 8187.0, 0
35992, 34199, 14, 9, TCP, 6807.0, 0
22972, 24117, 78, 15, ICMP, 7125.0, 0
88258, 34122, 40, 7, TCP, 4205.0, 0
89154, 43714, 241, 1, ICMP, 3832.0, 0
16862, 5175, 73, 1, TCP, 12616.0, 0
724, 42621, 291, 7, ICMP, 3305.0, 0
71902, 54755, 408, 15, TCP, 11076.0, 0
79220, 11814, 332, 5, ICMP, 8099.0, 0
14679, 13405, 108, 1, TCP, 5877.0, 0
38982, 8657, 409, 13, ICMP, 6397.0, 0
27086, 28679, 324, 11, TCP, 6711.0, 0
75121, 41119, 233, 11, ICMP, 6619.0, 0
30002, 80476, 5, 5, TCP, 8184.0, 0
38146, 1630, 64, 5, ICMP, 4325.0, 0
42239, 81345, 420, 15, TCP, 5742.0, 0
62790, 73217, 454, 15, ICMP, 4506.0, 0
59901, 59279, 121, 5, TCP, 5572.0, 0
45372, 15461, 441, 15, ICMP, 4434.0, 0
10419, 24687, 33, 13, TCP, 9281.0, 0
31962, 87660, 327, 13, ICMP, 7019.0, 0
74288, 94536, 180, 7, TCP, 4526.0, 0
74983, 70523, 110, 5, ICMP, 1210.0, 0
77279, 99912, 183, 5, TCP, 2753.0, 0
78544, 44152, 418, 7, ICMP, 8952.0, 0
60853, 36219, 195, 15, TCP, 2809.0, 0
10385, 85096, 406, 1, ICMP, 3391.0, 0
31237, 85875, 115, 15, TCP, 7400.0, 0
51718, 28717, 16, 9, ICMP, 4604.0, 0
18650, 94203, 279, 1, TCP, 7932.0, 0
59072, 97400, 116, 13, ICMP, 2826.0, 0
70953, 90434, 11, 7, TCP, 3913.0, 0
78149, 85424, 207, 5, ICMP, 8855.0, 0
64466, 8052, 101, 1, TCP, 12509.0, 0
4692, 69438, 367, 13, ICMP, 3414.0, 0
87504, 66178, 334, 13, TCP, 6004.0, 0
64063, 28528, 467, 11, ICMP, 9567.0, 0
30863, 91164, 300, 11, TCP, 12156.0, 0
27048, 82383, 334, 7, ICMP, 3901.0, 0
45118, 77417, 323, 9, TCP, 5731.0, 0
48647, 66155, 433, 9, ICMP, 1527.0, 0
46559, 61001, 100, 15, TCP, 8162.0, 0
37002, 55012, 493, 7, ICMP, 9874.0, 0
14252, 6318, 241, 13, TCP, 4905.0, 0
72175, 6693, 375, 9, ICMP, 3583.0, 0
11030, 85472, 175, 13, TCP, 2418.0, 0
99374, 21793, 540, 11, ICMP, 7553.0, 0
71945, 64150, 406, 7, TCP, 6790.0, 0
1083, 73381, 496, 9, ICMP, 7355.0, 0
91956, 14010, 131, 13, TCP, 2533.0, 0
55387, 62371, 397, 5, ICMP, 2073.0, 0
5998, 57457, 147, 7, TCP, 6505.0, 0
96976, 15578, 35, 13, ICMP, 3969.0, 0
77753, 31020, 212, 5, TCP, 4825.0, 0
83782, 21916, 544, 9, ICMP, 7386.0, 0
31239, 34981, 535, 7, TCP, 4668.0, 0
57055, 31663, 347, 1, ICMP, 9802.0, 0
17753, 83982, 570, 9, TCP, 10485.0, 0
67118, 37384, 390, 7, ICMP, 7200.0, 0
64528, 53671, 575, 1, TCP, 4288.0, 0
92156, 19652, 568, 13, ICMP, 11196.0, 0
97870, 58229, 214, 7, TCP, 6992.0, 0
73303, 78140998, 161, 4, UDP, 4704.0, 0
759, 74382, 778, 5, ICMP, 2.0, 0
44229, 76877281, 414, 1, UDP, 4114.0, 0
79345, 825628.7, 863, 8, ICMP, 5.0, 0 
2299, 181892.7, 809, 7, ICMP, 25.0, 0
36432, 7503894, 899, 8, ICMP, 11.0, 0
79539, 78814233, 712, 2, UDP, 320.0, 0
71813, 750509, 534, 6, ICMP, 30.0, 0
17975, 85420309, 184, 2, UDP, 6787.0, 0
88865, 80280068, 490, 2, UDP, 7430.0, 0
51376, 86634126, 870, 10, ICMP, 2.0, 0
66853, 78095061, 886, 2, UDP, 6078.0, 0
29970, 85488557, 506, 8, UDP, 8200.0, 0
45210, 88740975, 438, 1, UDP, 7357.0, 0
74383, 83148360, 684, 3, ICMP, 37.0, 0
39126, 85411452, 378, 10, UDP, 3204.0, 0
35420, 79443731, 937, 10, ICMP, 2.0, 0
84500, 79929383, 157, 6, UDP, 5904.0, 0
78008, 85481277, 993, 7, ICMP, 18.0, 0
74606, 87107890, 171, 2, UDP, 1959.0, 0
70891, 88745241, 491, 10, UDP, 8209.0, 0 
60999, 80199950, 819, 9, ICMP, 30.0, 0
72282, 8955590, 852, 6, UDP, 1424.0, 0
93854, 89029092, 281, 5, ICMP, 18.0, 0
67083, 76014740, 646, 5, UDP, 8397.0, 0
42982, 85927890, 422, 6, UDP, 4744.0, 0
69174, 89943781, 596, 7, ICMP, 43.0, 0
77861, 79509288, 503, 5, ICMP, 12.0, 0
12804, 83295308, 914, 9, UDP, 8590.0, 0
52950, 88475108, 103, 3, UDP, 6304.0, 0
55687, 80031315, 209, 8, ICMP, 30.0, 0
66091, 77458393, 602, 4, ICMP, 5.0, 0
96827, 82539925, 794, 6, UDP, 3688.0, 0
72861, 79800478, 824, 2, UDP, 7838.0, 0
27495, 80771009, 148, 6, UDP, 495.0, 0
47815, 76679556, 528, 4, ICMP, 25.0, 0
12819, 81852168, 654, 2, ICMP, 12.0, 0
19377, 89446030, 915, 5, UDP, 855.0, 0
95004, 76499490, 287, 7, ICMP, 10.0, 0
39105, 89261409, 312, 9, UDP, 8400.0, 0
53309, 89203886, 889, 2, UDP, 5372.0, 0
75662, 83131243, 447, 8, UDP, 6962.0, 0
84068, 82417991, 570, 5, ICMP, 22.0, 0
85154, 84329714, 622, 4, ICMP, 42.0, 0
70432, 89880063, 602, 3, UDP, 4489.0, 0
50436, 89680703, 382, 6, UDP, 4240.0, 0
95273, 85235092, 997, 10, UDP, 6478.0, 0
11712, 79730231, 909, 3, ICMP, 32.0, 0
99133, 85832491, 888, 8, UDP, 7901.0, 0
32468, 8556806, 939, 1, ICMP, 15.0, 0
60931, 87545268, 855, 8, UDP, international/.0, 0
84560, 82759000, 533, 3, UDP, 5919.0, 0
39020, 79826886, 912, 9, ICMP, 10.0, 0
36524, 2037736.2, 835, 1, ICMP, 37.0, 0
54077, 79719000, 664, 9, ICMP, 44.0, 0
73303, 78140998, 161, 4, UDP, 4704.0, 0 
759, 74382, 778, 5, ICMP, 2.0, 0
25041, 88780390, 442, 8, ICMP, 25.0, 0
18193, 87664661, 172, 9, UDP, 6386.0, 0
93811, 81200973, 414, 6, ICMP, 13.0, 0
32285, 87043525, 439, 5, UDP, 6211.0, 0
63335, 89361150, 839, 3, ICMP, 10.0, 0
37562, 90508268, 515, 7, UDP, 3694.0, 0
67654, 84714173, 563, 5, UDP, 5622.0, 0
66467, 81622155, 860, 8, UDP, 8322.0, 0
55581, 89654010, 742, 1, UDP, 3755.0, 0
84337, 80007001, 622, 2, ICMP, 22.0, 0
62468, 84615554, 899, 4, UDP, 7687.0, 0
75395, 88195628, 466, 4, UDP, 4855.0, 0
93705, 79144503, 413, 7, ICMP, 14.0, 0
41970, 89748537, 704, 7, ICMP, 6.0, 0
90646, 86964899, 891, 1, UDP, 4678.0, 0
78228, 87577343, 868, 10, UDP, 6395.0, 0
67191, 89082099, 393, 6, UDP, 4346.0, 0
80639, 83972438, 675, 3, UDP, 8018.0, 0

50584, 52708528, 148, 11, ICMP, 11288.0, 1
79363, 45996085, 154, 5, ICMP, 6519.0, 0
92297, 51274044, 171, 8, ICMP, 11662.0, 0
39890, 43611062, 133, 12, ICMP, 1651.0, 0
77105, 21117865, 131, 7, ICMP, 206.0, 1
13588, 99223647, 149, 1, UDP, 6006.0, 0
71278, 24338677, 126, 0, UDP, 4234.0, 1
43462, 49053006, 154, 3, UDP, 4433.0, 0
27371, 89088879, 133, 11, UDP, 9235.0, 1
90933, 34978900, 176, 8, ICMP, 6368.0, 0
51843, 11987280, 179, 3, UDP, 5330.0, 1
97448, 61539719, 130, 8, UDP, 4789.0, 0
19945, 11794582, 142, 5, UDP, 9863.0, 0
54010, 48184425, 180, 7, UDP, 7456.0, 0
22791, 67122052, 147, 1, ICMP, 8477.0, 0
51002, 11183847, 175, 0, UDP, 5540.0, 0
36559, 90196090, 141, 7, UDP, 5278.0, 1
12537, 51473404, 132, 12, UDP, 1143.0, 0
47492, 57775639, 131, 0, ICMP, 7889.0, 1
83417, 67900051, 178, 3, UDP, 1708.0, 3
16767, 97776028, 141, 1, ICMP, 1946.0, 1
94509, 62290712, 128, 5, UDP, 8046.0, 0
16689, 22532172, 147, 5, ICMP, 1192.0, 1
51955, 98530490, 154, 0, ICMP, 11400.0, 0
57141, 10788870, 137, 12, ICMP, 6280.0, 0
79888, 59581003, 125, 9, ICMP, 4331.0, 1
90160, 25228301, 132, 7, UDP, 4676.0, 1
26464, 73132205, 139, 0, UDP, 6006.0, 1
73239, 43290009, 131, 3, ICMP, 2267.0, 0
73061, 17043963, 133, 8, ICMP, 3118.0, 0
7797, 45672183, 175, 1, ICMP, 8208.0, 0
10611, 34383724, 129, 5, ICMP, 1343.0, 0
91424, 75848340, 149, 8, ICMP, 6738.0, 1
72983, 47944399, 145, 3, UDP, 9116.0, 0
52050, 19743775, 170, 7, ICMP, 3687.0, 1
26927, 61155434, 135, 0, ICMP, 6068.0, 0
88718, 57783952, 139, 5, ICMP, 5937.0, 0
30835, 65904872, 154, 3, UDP, 7809.0, 0
34623, 88024770, 147, 11, UDP, 4638.0, 0
33487, 84889128, 134, 1, ICMP, 156.0, 1
30739, 91483834, 140, 11, UDP, 1918.0, 1
87605, 84534398, 134, 12, ICMP, 8155.0, 1
85443, 60039812, 122, 5, UDP, 9323.0, 0
10141, 71037469, 153, 8, ICMP, 1188.0, 0
7663, 55947038, 139, 1, UDP, 3655.0, 1
75568, 62443162, 170, 0, ICMP, 587.0, 0
24431, 36145078, 148, 12, UDP, 4497.0, 1
7376, 36090392, 131, 11, UDP, 1901.0, 0
61600, 68370030, 112, 3, UDP, 108.0, 0
82976, 39868045, 125, 9, ICMP, 8156.0, 0
24872, 92276801, 140, 0, ICMP, 7941.0, 0
56365, 25300190, 132, 8, ICMP, 4147.0, 0
60238, 87002239, 145, 0, ICMP, 5349.0, 1
87598, 74255530, 132, 5, UDP, 2091.0, 0
39174, 72817713, 129, 11, UDP, 7934.0, 1
69400, 27101939, 139, 0, UDP, 9363.0, 1
50151, 89324640, 144, 5, ICMP, 8507.0, 0
15824, 70201837, 156, 3, UDP, 4528.0, 0
96521, 57712880, 128, 5, UDP, 5851.0, 0
4514, 29835641, 145, 11, UDP, 2229.0, 1
77777, 88537304, 127, 12, ICMP, 5433.0, 0
29743, 82679931, 178, 9, ICMP, 5381.0, 0
22669, 93639006, 151, 8, ICMP, 2752.0, 1
95591, 66340202, 157, 1, ICMP, 8887.0, 0
17637, 71083490, 131, 0, ICMP, 7211.0, 0
90472, 16500573, 122, 7, UDP, 4145.0, 1
39107, 77778792, 152, 11, ICMP, 6988.0, 0
42919, 15020514, 142, 0, UDP, 5195.0, 1
52203, 94974737, 169, 5, UDP, 3724.0, 0
82117, 68940022, 135, 7, UDP, 4988.0, 0
98022, 61882599, 164, 5, UDP, 5943.0, 1
45700, 74070417, 136, 12, UDP, 4085.0, 1
71299, 54034675, 150, 0, ICMP, 8097.0, 0
95810, 68454252, 156, 1, ICMP, 2620.0, 1
6848, 71299038, 132, 12, UDP, 6630.0, 0
53281, 35074915, 152, 3, ICMP, 8569.0, 0
87997, 60001883, 127, 7, ICMP, 7360.0, 0
77385, 20144432, 121, 9, ICMP, 1720.0, 0
19395, 56870814, 142, 0, ICMP, 2893.0, 1
26730, 81976643, 132, 11, UDP, 3436.0, 0
37195, 89516515, 119, 5, ICMP, 3152.0, 1
4161, 86554826, 149, 8, ICMP, 2557.0, 1
53341, 2009122, 140, 0, ICMP, 5107.0, 0
81284, 32575760, 129, 0, UDP, 2230.0, 0
17711, 58610098, 156, 7, ICMP, 6375.0, 0
79763, 85027358, 177, 3, UDP, 6430.0, 0
95998, 91158235, 149, 1, ICMP, 7258.0, 0
44035, 68655570, 135, 9, ICMP, 9047.0, 0
11139, 31668044, 166, 12, UDP, 5238.0, 1
27463, 34325647, 131, 3, ICMP, 5718.0, 0
21866, 70852740, 116, 0, ICMP, 9847.0, 1
81944, 36864432, 142, 3, ICMP, 5511.0, 0
35625, 39137698, 169, 8, UDP, 5952.0, 0
58841, 21182301, 142, 0, ICMP, 7256.0, 0
43199, 63227780, 125, 8, ICMP, 6136.0, 0
8800, 45507650, 152, 11, UDP, 5295.0, 0
26196, 48378607, 177, 12, ICMP, 4287.0, 1
17460, 69429533, 122, 12, UDP, 7980.0, 1
27258, 35719418, 131, 9, ICMP, 2750.0, 0
46164, 3199786, 141, 7, ICMP, 6776.0, 0
3599, 92525221, 121, 12, UDP, 1017.0, 0
48793, 29830808, 124, 3, ICMP, 9835.0, 1
