dt, switch, pktcount, bytecount, dur, dur_nsec, tot_dur, flows, packetins, pktperflow, byteperflow, pktrate, Pairflow, Protocol, port_no, tx_bytes, rx_bytes, tx_kbps, rx_kbps, tot_kbps, label
26837,7,195,19110,201,69000000,201000000000.0,4,948,28,2744,0,1,ICMP,2,4282,1332,0,0.0,0.0,0,0
29562,7,693,67914,710,190000000,710000000000.0,3,1057,29,2842,0,1,ICMP,4,74536,135534207,0,0.0,0.0,0,1
29412,4,497,48706,510,150000000,510000000000.0,9,1057,29,2842,0,1,ICMP,1,246656208,246639474,4458,4458.0,8916.0,1
25170,2,12,1176,13,31000000,13031000000.0,5,3021,0,0,0,1,ICMP,1,6857,2768,0,0.0,0.0,0,0
42155,4,106419,118121534,241,282000000,241000000000.0,7,13231,13123,14769486,437,1,TCP,2,6004,1312,0,0.0,0.0,0,1
11815,2,123290,128468180,440,760000000,441000000000.0,2,1943,7398,7708716,246,0,UDP,3,5648,695826204,0,2046.0,2046.0,1,0
2649,1,33953,35379026,117,321000000,117000000000.0,4,2385,7959,8293278,265,0,UDP,3,3833,168355535,0,2759.0,2759.0,1,1
42935,3,92532,6107484,301,250000000,301000000000.0,3,13249,7050,465408,235,1,TCP,3,174300927,175514182,0,0.0,0.0,1,0
41193,2,51789,2796606,93,151000000,93151000000.0,11,8050,17011,918594,567,1,TCP,1,365110983,19222448,12255,767.0,13022.0,1,1
3159,2,3115,3320590,6,408000000,6408000000.0,2,7503,0,0,0,0,UDP,3,4892,356163218,0,7676.0,7676.0,1,0
16082,6,1138,93830,82,37000000,8237000000.0,3,2135,17,2536,0,1,ICMP,2,735,611,0,0.0,0.0,0,1
12621,3,1577,156350,163,52000000,163000000000.0,4,4395,15,2536,0,1,ICMP,1,2499,1071,0,0.0,0.0,0,0
17751,5,37,3775,41,30000000,4130000000.0,2,4800,0,0,0,1,ICMP,3,1020,2951,0,0.0,0.0,0,1
18211,1,1560,151117,117,300000000,117000000000.0,4,3129,15,2536,0,1,ICMP,4,741,9686,0,0.0,0.0,0,0
17360,7,18,1790,20,60000000,2060000000.0,2,4134,0,0,0,1,ICMP,4,1212,1041,0,0.0,0.0,0,1
25983,4,3,2550,3,10000000,310000000.0,2,2054,0,0,0,1,ICMP,3,543,741,0,0.0,0.0,0,0
...
39997,2,4000,3999000,400,300000000,400300000000.0,2,2054,4000,3999000,1000,1,TCP,1,3999000,3999000,4000,4000.0,8000.0,1
25210,2,37,3518,39,30000000,3930000000.0,2,4800,0,0,0,1,ICMP,2,735,611,0,0.0,0.0,0,0
42510,4,4000,3999000,400,300000000,400300000000.0,2,2054,4000,3999000,1000,1,TCP,4,3999000,3999000,4000,4000.0,8000.0,1
25231,6,37,3518,39,30000000,3930000000.0,2,4800,0,0,0,1,ICMP,3,735,611,0,0.0,0.0,0,0
37822,7,4000,3999000,400,300000000,400300000000.0,2,2054,4000,3999000,1000,1,TCP,2,3999000,3999000,4000,4000.0,8000.0,1
26190,3,4000,3999000,400,300000000,400300000000.0,2,2054,4000,3999000,1000,1,TCP,3,3999000,3999000,4000,4000.0,8000.0,1
