dt,switch,pktcount,bytecount,dur,dur_nsec,tot_dur,flows,packetins,pktperflow,byteperflow,pktrate,Pairflow,Protocol,port_no,tx_bytes,rx_bytes,tx_kbps,rx_kbps,tot_kbps,label
2488,1,0,0,0,0,0,0,2,4,0,0,0,0,1,2668,856,0,0,0,0
6492,3,704,69776,123,246000000,123000000000,3,1931,29,2842,0,0,1,4266,3339,0,0,0,1
11515,4,34597,14782222,257,428000000,257000000000,5,2385,8012,663228,267,1,2,105767,6030042,0,0,2,0
29832,5,91478,85599258,435,728000000,436000000000,7,4357,10255,9853152,341,1,3,135559596,135758389,148,386,3421,1
42005,7,260006,147128002,1881,999000000,1880000000000,12,8803,18898,14953872,629,1,5,1269981973,990596183,20580,16577,20580,0
4097,4,13289,877122,41,11000000,41011000000.0,5,36,9833,648990,327,1,TCP,1,4170,1172,0,0.0,0.0,1
31485,3,995,97510,1032,944000000,1030000000000.0,5,2063,29,2842,0,1,ICMP,4,271623514,271610178,1,1.0,2.0,0
7032,5,401,39298,411,354000000,411000000000.0,7,3443,29,2842,0,0,ICMP,3,106025,102068,0,0.0,0.0,1
6432,3,470,46060,481,542000000,482000000000.0,7,3421,29,2842,0,0,ICMP,1,271228089,271126588,0,0.0,0.0,0
11215,6,63207,67378662,140,643000000,141000000000.0,2,608,13388,14271608,446,0,UDP,1,3472,1172,0,0.0,0.0,1
26837,7,27165,28305930,101,175000000,101000000000.0,4,948,7889,8220338,262,1,ICMP,1,4352,1332,0,0.0,0.0,0
6132,7,22733,23687786,76,256000000,76256000000.0,2,3421,8928,9302976,297,1,ICMP,2,4676,24143907,0,2514.0,2514.0,0
11769,5,124248,6709392,439,570000000,440000000000.0,3,6696,6461,348894,215,1,TCP,2,321736193,27344595,93,100.0,193.0,0
11395,2,6374,6641708,20,681000000,20681000000.0,4,1943,0,0,0,0,UDP,4,4127,216530233,0,3752.0,3752.0,0
2649,5,108797,115977602,265,340000000,265000000000.0,3,2385,2369,2525354,78,0,UDP,2,3801,1242,0,0.0,0.0,0
722,6,945,78830,42,564000000,42000564000.0,5,3103,35,3248,0,1,ICMP,4,2587,1413,0,0.0,0.0,0
3284,1,1119,108950,138,720000000,138000000000.0,4,4357,0,0,0,0,TCP,1,4266,3339,0,0.0,0.0,1
1020,4,1862,173740,68,826000000,68000826000.0,4,1943,12,1158,0,0,UDP,3,106025,102068,0,0.0,0.0,1
4167,2,811,81290,63,822000000,63000822000.0,3,2385,0,0,0,0,UDP,4,4127,216530233,0,3752.0,3752.0,0
....
99999,7,1415,141205,17,154000000,17000154000.0,3,6696,5,484,0,1,ICMP,1,4352,1332,0,0.0,0.0,1