dt,switch,pktcount,bytecount,dur,dur_nsec,tot_dur,flows,packetins,pktperflow,byteperflow,pktrate,Pairflow,Protocol,port_no,tx_bytes,rx_bytes,tx_kbps,rx_kbps,tot_kbps,label
3339,5,106718,113761388,236,742000000,237000000000.0,4,7916,13536,14429376,451,0,UDP,2,5690,512480348,0,3837.0,3837.0,0,0
32853,2,389,38122,398,530000000,399000000000.0,11,2364,30,2940,1,1,ICMP,1,228696473,227878574,5690,5690.0,11380.0,0,0
5742,5,499,48902,511,827000000,512000000000.0,4,1264,29,2842,0,0,ICMP,2,4819,1402,0,0.0,0.0,0,0
26987,3,293,28714,301,222000000,301000000000.0,6,948,29,2842,0,1,ICMP,2,4555,1242,0,0.0,0.0,0,0
11395,4,31523,33603518,69,739000000,69739000000.0,8,1943,13463,14351558,448,0,UDP,4,3917,143928631,0,1149.0,1149.0,0,0
11515,4,75074,78227108,240,863000000,241000000000.0,6,1943,9180,9565560,306,0,UDP,1,3885,1492,0,0.0,0.0,1,1
11545,4,134682,143571012,318,839000000,319000000000.0,6,1943,4288,4571008,142,0,UDP,1,4097,54937860,0,2561.0,2561.0,1,1
3459,2,134848,143747968,306,436000000,306000000000.0,2,7916,10322,11003252,344,0,UDP,2,5844,566379594,0,2858.0,2858.0,1,1
24690,2,39124,40767208,137,787000000,138000000000.0,5,2997,7960,8294320,265,1,ICMP,1,5044,1242,0,0.0,0.0,1,1
25061,5,5790,6714556,14,109000000,14109000000.0,3,10832,0,0,0,1,TCP,1,5568,1472,0,0.0,0.0,1,1
...
99999,7,3200,378320,20,945000000,20945000000.0,2,1264,0,0,0,0,UDP,3,4555,1472,0,0.0,0.0,0,0