dt,switch,pktcount,bytecount,dur,dur_nsec,tot_dur,flows,packetins,pktperflow,byteperflow,pktrate,Pairflow,Protocol,port_no,tx_bytes,rx_bytes,tx_kbps,rx_kbps,tot_kbps,label
1033,3,732,82930,12,46000000,1246000000.0,4,834,144,73530,0,1,TCP,1,724,844,0,0.0,0.0,1
2033,5,3721,395692,34,190000000,34519000000.0,6,2290,743,81636,0,1,UDP,3,4123,4303,0,0.0,0.0,0
3033,2,2519,262720,20,66000000,2066000000.0,3,1553,948,88560,0,1,TCP,2,3134,3274,0,0.0,0.0,1
4033,4,3999,435818,27,76000000,2776000000.0,5,2373,921,87118,0,1,UDP,4,3945,4123,0,0.0,0.0,0
5033,3,1809,192404,14,52000000,1452000000.0,4,1351,564,68136,0,1,TCP,1,1713,1893,0,0.0,0.0,1
6033,4,4395,474548,31,87000000,3187000000.0,5,2513,1134,94924,0,1,UDP,3,4346,4526,0,0.0,0.0,0
7033,2,3291,350062,22,74000000,2274000000.0,3,1933,1225,111750,0,1,TCP,2,3242,3422,0,0.0,0.0,1
8033,5,3940,426780,30,82000000,3082000000.0,6,2274,1005,71780,0,1,UDP,4,3891,4071,0,0.0,0.0,0
9033,3,1558,168572,12,44000000,1244000000.0,4,1118,440,56040,0,1,TCP,1,1460,1640,0,0.0,0.0,1
10033,4,4999,541718,28,80000000,2880000000.0,5,2493,1202,102336,0,1,UDP,3,4950,5130,0,0.0,0.0,0
.
.
.
99999,5,3990,432790,30,81000000,3081000000.0,6,2264,1004,71720,0,1,UDP,4,3941,4121,0,0.0,0.0,1
100000,3,1548,168572,12,43000000,1243000000.0,4,1108,439,55980,0,1,TCP,1,1450,1630,0,0.0,0.0,0