dt,switch,pktcount,bytecount,dur,dur_nsec,tot_dur,flows,packetins,pktperflow,byteperflow,pktrate,Pairflow,Protocol,port_no,tx_bytes,rx_bytes,tx_kbps,rx_kbps,tot_kbps,label
2488,1,0,0,0,0,0,2,4,0,0,0,0,TCP,1,2668,856,0,0,0,1
6918,3,769,75754,121,238000000,121000000000,3,1931,29,2842,0,0,UDP,1,4425,3413,0,0,0,0
11635,4,39341,9551360,250,423000000,251000000000,5,2790,8324,651552,277,1,TCP,2,231511,9897209,0,0,2,1
29922,5,92938,82781700,417,721000000,417000000000,7,4920,12659,9838564,421,1,UDP,3,135577081,135892103,175,503,3838,0
42935,7,260006,147128002,1881,999000000,1880000000000,12,13797,19190,14953872,639,1,ICMP,5,1269981973,990596183,20580,16577,20580,0
7092,5,411,40278,421,454000000,421000000000,5,3443,29,2842,0,0,ICMP,1,271316399,270547908,1,1,2,1
9786,5,46362,49421892,102,873000000,103000000000,3,1109,13429,14315314,447,0,UDP,1,3323,926,0,0,0,0
7152,5,470,46060,481,467000000,481000000000,5,3443,30,2940,1,0,ICMP,1,271328243,270559752,1,1,2,1
31161,7,941,92218,963,277000000,963000000000,11,4942,29,2842,0,1,ICMP,1,406376635,270543642,3,3,6,0
30921,3,2,196,2,692000000,2692000000,9,4942,0,0,0,1,ICMP,1,81869,135537206,0,0,0,0
2649,3,108713,115888058,263,194000000,263000000000,3,2385,2369,2525354,78,0,UDP,3,3581,3413,0,0,0,1
10266,3,112536,117262512,383,378000000,383000000000,2,1931,6364,6631288,212,0,UDP,2,4538,279386950,0,0,0,1
2769,4,80016,83376672,287,69000000,287000000000,3,4440,8683,9047686,289,0,UDP,2,4391,109561944,0,3829,3829,1
10899,6,88007,5104406,285,164000000,285000000000,3,4357,8787,509646,292,1,TCP,3,156728831,11645242,252,135,387,1
24851,3,92374,5357692,322,177000000,322000000000,5,10817,7992,463536,266,1,TCP,3,307023622,23564268,344,246,590,1
14292,7,30000,400000,400,80000000,40000000000,4,3000,7000,100000,100,1,TCP,4,20000000,20000000,500,500,1000,0
11111,5,4000,40000,400,40000000,40000000000,2,2000,2000,10000,100,1,UDP,3,1000000,1000000,10,10,20,1
11111,5,4000,40000,400,40000000,40000000000,2,2000,2000,10000,100,1,TCP,4,2000000,2000000,20,20,40,0
...
...
...
99999,3,4000,40000,400,40000000,40000000000,2,2000,2000,10000,100,1,UDP,3,1000000,1000000,10,10,20,1