dt,switch,pktcount,bytecount,dur,dur_nsec,tot_dur,flows,packetins,pktperflow,byteperflow,pktrate,Pairflow,Protocol,port_no,tx_bytes,rx_bytes,tx_kbps,rx_kbps,tot_kbps,label
34023,6,876,85848,898,401000000,898000000000.0,5,3034,29,2842,0,1,ICMP,1,93908,89904,0,0.0,0.0,0
2638,4,66002,70358132,143,623000000,144000000000.0,3,2375,13527,14419782,450,0,UDP,3,3530,86743136,0,6527.0,6527.0,0
10116,1,127413,135822258,283,264000000,283000000000.0,2,1931,13528,14420848,450,0,UDP,4,3539,3413,0,0.0,0.0,0
24750,4,305,29890,313,179000000,313000000000.0,5,2997,29,2842,0,1,ICMP,2,58778611,60504079,2352,2352.0,4704.0,0
4337,7,92644,6114612,280,998000000,281000000000.0,3,1143,9981,658746,332,1,TCP,3,4529,4074,0,0.0,0.0,0
42245,3,64769,3756602,229,537000000,230000000000.0,7,13231,8357,484706,278,1,TCP,3,173934033,162196938,165,4042.0,4207.0,1
2889,2,99809,104000978,357,471000000,357000000000.0,3,4440,8216,8561072,273,0,UDP,2,3413,3903,0,0.0,0.0,1
24551,4,5952,345216,20,393000000,20393000000.0,9,10817,0,0,0,1,TCP,4,3823128,61606412,361,4156.0,4517.0,1
9966,2,26118,27214956,83,383000000,83383000000.0,4,1931,9427,9822934,314,0,UDP,2,3719,1172,0,0.0,0.0,1
10146,2,134948,143854568,312,914000000,313000000000.0,3,1931,7570,8069620,252,0,UDP,4,3609,3413,0,0.0,0.0,1
9750,6,2199,223342,947,826000000,947000000000.0,4,1322,2199,223342,0,1,TCP,3,1350,829,0,0.0,0.0,0
12345,3,5678,567890,456,789000000,456789000000.0,2,4567,5678,567890,0,1,UDP,2,9876,5432,0,0.0,0.0,1
34567,7,8910,891012,123,456000000,123456000000.0,5,1234,8910,891012,0,1,ICMP,1,7654,3210,0,0.0,0.0,0
...
...
...
98765,4,4321,432123,321,654000000,321654000000.0,9,5678,4321,432123,0,1,TCP,4,1234,5678,0,0.0,0.0,1
99999,2,1000,100000,400,400000000,400000000000.0,3,2000,1000,100000,0,1,UDP,2,3000,4000,0,0.0,0.0,0