dt,switch,pktcount,bytecount,dur,dur_nsec,tot_dur,flows,packetins,pktperflow,byteperflow,pktrate,Pairflow,Protocol,port_no,tx_bytes,rx_bytes,tx_kbps,rx_kbps,tot_kbps,label
26807,3,20,1960,21,130000000,21130000000.0,6,948,0,0,0,1,ICMP,2,4282,1172,0,0.0,0.0,0,0
6462,4,499,48902,511,559000000,512000000000.0,8,3421,29,2842,0,0,ICMP,2,105767,135561984,0,0.0,0.0,0,0
30672,4,214,20972,219,760000000,220000000000.0,11,2063,30,2940,1,1,ICMP,3,270734129,271127753,0,0.0,0.0,0,0
30981,5,815,79870,833,205000000,833000000000.0,9,4942,30,2940,1,1,ICMP,1,271228025,269150054,0,0.0,0.0,0,0
30951,5,688,67424,703,87000000,703000000000.0,9,4942,30,2940,1,1,ICMP,2,134000917,406646259,3,3.0,6.0,0,0
41073,5,6191,359078,17,76000000,17076000000.0,5,3663,0,0,0,1,TCP,3,61141466,3011244,4109,267.0,4376.0,1,1
24720,7,62967,65611614,233,13000000,233000000000.0,5,2997,8429,8783018,280,1,ICMP,1,65306597,1780,2330,0.0,2330.0,1,1
11469,3,44601,2586858,143,737000000,144000000000.0,9,6696,9386,544388,312,1,TCP,3,180324023,144647810,176,4060.0,4236.0,1,1
41223,2,93208,6152036,323,387000000,323000000000.0,11,8050,2325,153450,77,1,TCP,4,10797438,141319105,451,4312.0,4763.0,1,1
31453,2,10754,580716,16,882000000,16882000000.0,9,10692,0,0,0,1,TCP,2,183373858,154118294,11607,607.0,12214.0,1,1
...
77980,7,3934,392574,462,72000000,46272000000.0,5,1812,0,0,0,1,TCP,3,94548,8064,0,0.0,0.0,0,0
41417,3,9983,646780,14,52000000,1452000000.0,7,7247,0,0,0,1,TCP,3,73700,83724,0,0.0,0.0,0,0
66981,2,1311,84810,37,30000000,3730000000.0,5,4517,0,0,0,1,TCP,2,88456,11144,0,0.0,0.0,0,0
58247,1,4000,240000,20,20000000,2020000000.0,4,7342,0,0,0,1,TCP,2,146688,73420,0,0.0,0.0,0,1
83725,7,1489,148524,19,10000000,1910000000.0,4,8491,0,0,0,1,TCP,3,124864,23608,0,0.0,0.0,0,0