dt,switch,pktcount,bytecount,dur,dur_nsec,tot_dur,flows,packetins,pktperflow,byteperflow,pktrate,Pairflow,Protocol,port_no,tx_bytes,rx_bytes,tx_kbps,rx_kbps,tot_kbps,label
30582,3,829,81242,849,962000000,850000000000.0,11,2063,30,2940,1,1,ICMP,3,271283215,135836467,2,2.0,4.0,0
25211,7,20912,1380228,64,58000000,64058000000.0,9,12862,9783,645714,326,1,TCP,3,15341173,13977542,66,62.0,128.0,0
33423,2,945,92610,968,588000000,969000000000.0,9,3024,30,2940,1,1,ICMP,3,225603,135685155,1,1.0,2.0,0
26957,4,264,25872,271,235000000,271000000000.0,9,948,29,2842,0,1,ICMP,2,105623803,38833645,5057,2535.0,7592.0,0
26717,4,30,2940,31,224000000,31224000000.0,5,16,29,2842,0,1,ICMP,1,15033,12274,1,1.0,2.0,0
2649,6,49852,51945784,167,278000000,167000000000.0,3,2385,7886,8217212,262,0,UDP,3,168355535,3833,2759,0.0,2759.0,1
28638,2,131996,135655608,1851,436000000,1850000000000.0,5,2800,29,2842,0,1,ICMP,4,135905655,271364117,1,1.0,2.0,1
10026,2,44980,46869160,143,392000000,143000000000.0,4,1931,9439,9835438,314,0,UDP,3,4169,280582743,0,10293.0,10293.0,1
15395,5,98273,6486294,308,667000000,309000000000.0,7,11471,6909,456042,230,1,TCP,3,6436981,147084102,0,0.0,0.0,1
24930,5,108118,112658956,384,763000000,385000000000.0,11,2997,8772,9140424,292,1,ICMP,2,112945712,114671180,2432,2432.0,4864.0,1
...
...
...
1823,2,846,82969,848,921000000,848000000000.0,10,2037,30,2940,1,1,ICMP,3,271259,13583690,2,2.0,4.0,0
1824,7,20912,1380228,64,58000000,64058000000.0,9,12862,9783,645714,326,1,TCP,3,15341173,13977542,66,62.0,128.0,1
1825,2,945,92610,968,588000000,969000000000.0,9,3024,30,2940,1,1,ICMP,3,225603,135685155,1,1.0,2.0,0
1826,4,264,25872,271,235000000,271000000000.0,9,948,29,2842,0,1,ICMP,2,105623803,38833645,5057,2535.0,7592.0,1
1827,4,30,2940,31,224000000,31224000000.0,5,16,29,2842,0,1,ICMP,1,15033,12274,1,1.0,2.0,0
1828,6,49852,51945784,167,278000000,167000000000.0,3,2385,7886,8217212,262,0,UDP,3,168355535,3833,2759,0.0,2759.0,0
1829,2,131996,135655608,1851,436000000,1850000000000.0,5,2800,29,2842,0,1,ICMP,4,135905655,271364117,1,1.0,2.0,1
1830,2,44980,46869160,143,392000000,143000000000.0,4,1931,9439,9835438,314,0,UDP,3,4169,280582743,0,10293.0,10293.0,0
1831,5,98273,6486294,308,667000000,309000000000.0,7,11471,6909,456042,230,1,TCP,3,6436981,147084102,0,0.0,0.0,1
1832,5,108118,112658956,384,763000000,385000000000.0,11,2997,8772,9140424,292,1,ICMP,2,112945712,114671180,2432,2432.0,4864.0,0