dt,switch,pktcount,bytecount,dur,dur_nsec,tot_dur,flows,packetins,pktperflow,byteperflow,pktrate,Pairflow,Protocol,port_no,tx_bytes,rx_bytes,tx_kbps,rx_kbps,tot_kbps,label
24900,6,501,49098,513,237000000,513000000000.0,7,2997,29,2842,0,1,ICMP,1,60469,56528,0,0.0,0.0,0,0
24870,2,422,41356,433,216000000,433000000000.0,5,2997,29,2842,0,1,ICMP,2,94767266,1934,2444,0.0,2444.0,0,1
11545,2,99303,105856998,220,564000000,221000000000.0,4,1943,13651,14551966,455,0,UDP,2,3845,1472,0,0.0,0.0,0,1
4967,5,42061,2439538,133,722000000,134000000000.0,11,2373,9413,545954,313,1,TCP,1,7546751,7023194,0,0.0,0.0,2,0
4097,5,18163,19995302,41,51000000,41051000000.0,5,36,13436,14753784,447,1,TCP,1,4035,1332,0,0.0,0.0,3,1
32883,6,127935,133308270,378,241000000,378000000000.0,5,2364,10201,10629442,340,1,ICMP,2,133424178,132609460,2832,2832.0,5664.0,4,0
3669,3,118925,123919850,417,495000000,417000000000.0,3,7916,7158,7458636,238,0,UDP,1,4485,1382,0,0.0,0.0,5,1
30132,7,129989,135448538,449,684000000,450000000000.0,4,2053,3292,3430264,109,1,ICMP,2,59525,55618,0,0.0,0.0,6,0
11529,1,97058,6406032,304,325000000,304000000000.0,3,6696,8440,557064,281,1,TCP,1,6292321,146991384,0,0.0,0.0,7,1
4277,5,94445,6233810,321,114000000,321000000000.0,7,1143,2995,197670,99,1,TCP,2,6238963,149009844,50,1275.0,1325.0,8,0
...
39999,2,23,619,18,80000000,18000000000.0,2,14,3,206,0,1,TCP,2,11,9,0,0.0,0.0,39999,1