dt,switch,pktcount,bytecount,dur,dur_nsec,tot_dur,flows,packetins,pktperflow,byteperflow,pktrate,Pairflow,Protocol,port_no,tx_bytes,rx_bytes,tx_kbps,rx_kbps,tot_kbps,label
2488,1,0,0,0,0,0,2,4,0,0,0,0,TCP,1,2668,856,0,0,0,0
6492,3,704,69776,123,246000000,123000000000,3,1931,29,2842,0,0,UDP,1,4266,3339,0,0,0,0
11515,4,34597,14782222,257,428000000,257000000000,5,2385,8012,663228,267,1,TCP,2,105767,6030042,0,0,2,1
29832,5,91478,85599258,435,728000000,436000000000,7,4357,10255,9853152,341,1,UDP,3,135559596,135758389,148,386,3421,1
42005,7,260006,147128002,1881,999000000,1880000000000,12,8803,18898,14953872,629,1,TCP,5,1269981973,990596183,20580,16577,20580,1
9876,6,87091,92839006,193,335000000,193000000000.0,3,1910,13526,14418716,450,0,UDP,1,3582,1332,0,0.0,0.0,0
6672,6,753,73794,771,715000000,772000000000.0,7,3443,29,2842,0,0,ICMP,2,87101,270431253,1,1.0,2.0,0
30252,2,507,49686,519,936000000,520000000000.0,5,2053,29,2842,0,1,ICMP,3,271105205,198457,1,1.0,2.0,0
32493,5,86,8428,88,482000000,88482000000.0,3,20,30,2940,1,1,ICMP,2,12740,12824,0,0.0,0.0,0
24840,1,393,38514,403,221000000,403000000000.0,4,2997,29,2842,0,1,ICMP,2,44581,41350,0,0.0,0.0,0
9966,3,26115,27211830,83,355000000,83355000000.0,4,1931,9427,9822934,314,0,UDP,2,3649,1172,0,0.0,0.0,1
11605,3,71239,74231038,230,498000000,230000000000.0,4,1943,9243,9631206,308,0,UDP,1,4224,134772718,0,3838.0,3838.0,1
11725,2,103217,107552114,350,710000000,351000000000.0,2,1943,7597,7916074,253,0,UDP,4,3842,3590,0,0.0,0.0,1
24870,2,92486,96370412,332,492000000,332000000000.0,5,2997,8813,9183146,293,1,ICMP,2,94767266,1934,2444,0.0,2444.0,1
9936,2,16691,17392022,53,380000000,53380000000.0,4,1931,9435,9831270,314,0,UDP,2,3579,1172,0,0.0,0.0,1
29219,3,831,81944,640,637000000,640000000000.0,7,1862,29,2842,0,0,TCP,1,5396,3356,0,0,0,0
18698,4,719,70482,735,898000000,7350000000000.0,4,2053,29,2842,0,1,UDP,2,10496,4259,0,0,0,1
25863,2,731,71514,737,817000000,7370000000000.0,5,1943,29,2842,0,1,TCP,3,15396,10516,0,0,0,1
20408,5,1808,177664,158,977000000,1580000000000.0,4,2053,29,2842,0,1,UDP,2,20496,7259,0,0,0,1
9607,7,852,83536,664,636000000,6640000000000.0,7,1931,29,2842,0,0,TCP,1,5396,3356,0,0,0,0
31704,3,821,80844,636,908000000,6360000000000.0,3,2053,29,2842,0,1,UDP,2,10496,4259,0,0,0,1
16867,4,722,70702,741,835000000,7410000000000.0,4,1943,29,2842,0,1,TCP,3,15396,10516,0,0,0,1
28881,2,735,71854,739,831000000,7390000000000.0,5,2053,29,2842,0,1,UDP,2,20496,7259,0,0,0,1
.
.
.
.
.
.
.
.
.
.
.
.
.
.
.
.
.
.
.
.
.
.
.
.
.
.
.
.
.
.
.
.
.
.
.
.
.
.
.
.
.
.
.
.
.
.
.
.
.
.
.
.
42005,7,260006,147128002,1881,999000000,1880000000000,12,8803,18898,14953872,629,1,TCP,5,1269981973,990596183,20580,16577,20580,0