dt,switch,pktcount,bytecount,dur,dur_nsec,tot_dur,flows,packetins,pktperflow,byteperflow,pktrate,Pairflow,port_no,tx_bytes,rx_bytes,tx_kbps,rx_kbps,tot_kbps,label
27678,3,967,94766,991,442000000,991000000000.0,10,2790,29,2842,0,1,ICMP,3,271130555,135672135,3,3.0,6.0,0
29682,4,48,4704,49,928000000,49928000000.0,11,1069,29,2842,0,1,ICMP,3,96194,135556026,1,1.0,2.0,0
24480,4,41,4018,42,948000000,42948000000.0,3,22,29,2842,0,1,ICMP,1,4260,1332,0,0.0,0.0,0
24450,2,12,1176,12,952000000,12952000000.0,3,22,0,0,0,1,ICMP,2,3987,1262,0,0.0,0.0,0
11575,4,112618,120050788,249,756000000,250000000000.0,5,1943,13538,14431508,451,0,UDP,3,3665,3413,0,0.0,0.0,0
33483,5,82828,86306776,258,31000000,258000000000.0,7,3024,9675,10081350,322,1,ICMP,1,5437,1382,0,0.0,0.0,1
30222,2,131380,135595240,1220,148000000,1220000000000.0,5,2053,29,2842,0,1,ICMP,4,135753083,271199789,1,1.0,2.0,1
3729,3,129993,135452706,477,537000000,478000000000.0,2,7916,4461,4648362,148,0,UDP,3,4355,3767,0,0.0,0.0,1
5472,6,40726,42436492,137,500000000,138000000000.0,2,1264,8844,9215448,294,1,ICMP,2,4403,42825603,0,2452.0,2452.0,1
6432,2,99971,104169782,331,416000000,331000000000.0,7,3421,9130,9513460,304,1,ICMP,4,358539425,135458575,5044,1.0,5045.0,1
...
39720,7,4000,40000000,1881,999000000,1880000000000,12,8803,18898,14953872,629,1,ICMP,4,1269981973,990596183,20580,16577,20580,1
25101,2,4000,40000000,1881,999000000,1880000000000,12,8803,18898,14953872,629,1,UDP,2,1269981973,990596183,20580,16577,20580,0
36450,3,4000,40000000,1881,999000000,1880000000000,12,8803,18898,14953872,629,1,TCP,1,1269981973,990596183,20580,16577,20580,1
11657,4,4000,40000000,1881,999000000,1880000000000,12,8803,18898,14953872,629,1,ICMP,3,1269981973,990596183,20580,16577,20580,0
19132,5,4000,40000000,1881,999000000,1880000000000,12,8803,18898,14953872,629,1,UDP,4,1269981973,990596183,20580,16577,20580,1
45210,6,4000,40000000,1881,999000000,1880000000000,12,8803,18898,14953872,629,1,TCP,2,1269981973,990596183,20580,16577,20580,0