dt,switch,pktcount,bytecount,dur,dur_nsec,tot_dur,flows,packetins,pktperflow,byteperflow,pktrate,Pairflow,Protocol,port_no,tx_bytes,rx_bytes,tx_kbps,rx_kbps,tot_kbps,label
10629,4,40490,2672496,124,422000000,124000000000.0,5,3270,9851,650202,328,1,TCP,3,61820910,3047144,4125,270.0,4395.0,0
11515,3,130513,139126858,289,466000000,289000000000.0,5,1943,13307,14185262,443,0,UDP,2,4179,111302968,0,2581.0,2581.0,0
11155,4,36097,38479402,79,286000000,79286000000.0,3,558,13593,14490138,453,0,UDP,2,3059,3143,0,0.0,0.0,0
11575,3,112761,120203226,250,305000000,250000000000.0,4,1943,13538,14431508,451,0,UDP,2,3758,1492,0,0.0,0.0,0
31431,3,501,49098,512,957000000,513000000000.0,5,4942,30,2940,1,1,ICMP,2,61513,57170,0,0.0,0.0,0
10326,2,126207,131507694,443,425000000,443000000000.0,2,1931,7431,7743102,247,0,UDP,2,3826,1312,0,0.0,0.0,1
11665,3,87593,91271906,290,509000000,291000000000.0,3,1943,7947,8280774,264,0,UDP,2,4022,1472,0,0.0,0.0,1
11515,5,106652,111131384,340,804000000,341000000000.0,2,1943,9156,9540552,305,0,UDP,1,4047,143926620,0,0.0,0.0,1
24911,4,108815,6311270,380,432000000,380000000000.0,5,10817,8441,489578,281,1,TCP,3,309664521,25454836,361,258.0,619.0,1
11575,5,125347,130611574,400,810000000,401000000000.0,2,1943,9359,9752078,311,0,UDP,4,3917,143928701,0,0.0,0.0,1
45687,2,2298,289847,123,958000000,124000000000.0,3,8987,25,867,0,1,TCP,4,61912,59841,0,0.0,0.0,0
38697,3,3988,369445,312,967000000,313000000000.0,3,9087,30,1229,1,1,ICMP,3,59861,59861,0,0.0,0.0,1
42935,7,260006,147128002,1881,999000000,1880000000000.0,12,13797,19190,14953872,639,1,TCP,5,1269981973,990596183,20580,16577,20580.0,1
20456,4,3890,349045,102,921000000,103000000000.0,2,9087,20,1745,1,1,ICMP,3,61912,59841,0,0.0,0.0,0
24881,1,0,0,0,0,0.0,2,4,0,0,0,0,0,UDP,1,2668,856,0,0.0,0.0,1
29122,5,92938,82781700,417,721000000,417000000000.0,7,4920,12659,9838564,421,1,TCP,2,135577081,135892103,175,503,3838.0,0
39122,2,3090,29045,123,958000000,124000000000.0,3,8987,30,967,0,1,TCP,4,61912,59841,0,0.0,0.0,1
37122,4,4390,38945,312,967000000,313000000000.0,3,9087,30,1229,1,1,ICMP,3,59861,59861,0,0.0,0.0,0
...
...
...
100000,4,4000,4000,1000,1000000000,100000000000.0,2,4000,2000,2000,0,1,TCP,3,2000,2000,0,0.0,0.0,1