dt,switch,pktcount,bytecount,dur,dur_nsec,tot_dur,flows,packetins,pktperflow,byteperflow,pktrate,Pairflow,Protocol,port_no,tx_bytes,rx_bytes,tx_kbps,rx_kbps,tot_kbps,label
29442,4,527,51646,540,158000000,540000000000.0,7,1057,30,2940,1,1,ICMP,2,255431432,119984936,2358,2358.0,4716.0,0
11275,4,67753,72224698,150,780000000,151000000000.0,6,1306,13474,14363284,449,0,UDP,3,3404,3236,0,0.0,0.0,0
24660,6,315,30870,323,319000000,323000000000.0,7,2997,29,2842,0,1,ICMP,1,36662,32924,0,0.0,0.0,0
27948,2,420,41160,431,86000000,431000000000.0,5,2790,29,2842,0,1,ICMP,2,5563,1382,0,0.0,0.0,0
30561,3,999,97902,1033,316000000,1030000000000.0,9,4920,20,1960,0,1,ICMP,4,273286259,133912647,4889,2.0,4891.0,0
2949,7,128967,134383614,467,531000000,468000000000.0,2,4440,6027,6280134,200,0,UDP,1,4033,1312,0,0.0,0.0,1
29322,6,105189,109606938,370,34000000,370000000000.0,4,1057,9059,9439478,301,1,ICMP,3,50827,109775385,0,2512.0,2512.0,1
11545,1,134994,143903604,320,756000000,321000000000.0,3,1943,4288,4571008,142,0,UDP,2,4173,231937032,0,2564.0,2564.0,1
2649,3,108713,115888058,263,194000000,263000000000.0,3,2385,2369,2525354,78,0,UDP,2,168355535,3833,2759,0.0,2759.0,1
11335,3,19116,19918872,60,865000000,60865000000.0,5,1790,9477,9875034,315,0,UDP,3,3343,3553,0,0.0,0.0,1
38205,7,1450,145450,851,919000000,851900000000.0,6,4440,719,719000,86,1,ICMP,1,719320,719320,0,0.0,0.0,0
36245,1,723,73948,857,967000000,857900000000.0,3,1057,397,397050,46,0,UDP,2,71930,71930,0,0.0,0.0,1
19184,4,3152,307520,890,921000000,890900000000.0,5,1306,1077,1077000,122,1,ICMP,3,71930,71930,0,0.0,0.0,0
1074,3,1413,141300,945,945000000,945000000000.0,6,2385,243,243000,27,0,UDP,4,71930,71930,0,0.0,0.0,1
16212,2,3239,323920,958,958000000,958000000000.0,4,1790,837,837000,95,1,ICMP,1,71930,71930,0,0.0,0.0,0
20351,5,1830,183000,971,971000000,971000000000.0,2,2790,918,918000,104,0,UDP,2,71930,71930,0,0.0,0.0,1
...
...
...
44762,7,3,3000,4000,400000000,400000000000.0,1,13797,3,3000,0,1,ICMP,4,71930,71930,0,0.0,0.0,0
20477,2,1,1000,4000,400000000,400000000000.0,1,4440,1,1000,0,1,ICMP,3,71930,71930,0,0.0,0.0,1
18138,4,2,2000,4000,400000000,400000000000.0,1,1306,2,2000,0,1,ICMP,2,71930,71930,0,0.0,0.0,0
39762,6,4,4000,4000,400000000,400000000000.0,1,2997,4,4000,0,1,ICMP,1,71930,71930,0,0.0,0.0,0
37645,1,5,5000,4000,400000000,400000000000.0,1,1943,5,5000,0,1,ICMP,4,71930,71930,0,0.0,0.0,1
42012,3,6,6000,4000,400000000,400000000000.0,1,4920,6,6000,0,1,ICMP,3,71930,71930,0,0.0,0.0,0
33245,5,7,7000,4000,400000000,400000000000.0,1,2790,7,7000,0,1,ICMP,2,71930,71930,0,0.0,0.0,1