dt,switch,pktcount,bytecount,dur,dur_nsec,tot_dur,flows,packetins,pktperflow,byteperflow,pktrate,Pairflow,Protocol,port_no,tx_bytes,rx_bytes,tx_kbps,rx_kbps,tot_kbps,label
11215,6,63207,67378662,140,643000000,141000000000.0,2,608,13388,14271608,446,0,UDP,1,3472,1172,0,0.0,0.0,0,0
29682,5,810,79380,830,244000000,830000000000.0,5,1069,29,2842,0,1,ICMP,1,4932,1312,0,0.0,0.0,0,0
27407,3,704,68992,721,264000000,721000000000.0,5,956,30,2940,1,1,ICMP,2,4870,1312,0,0.0,0.0,0,1
10509,7,1308,86328,4,404000000,4404000000.0,3,18,0,0,0,1,TCP,3,2966,2952,0,0.0,0.0,0,1
30561,7,354,34692,363,182000000,363000000000.0,11,4920,29,2842,0,1,ICMP,2,41829,37320,0,0.0,0.0,0,0
29802,6,34589,36041738,119,475000000,119000000000.0,7,2053,8935,9310270,297,1,ICMP,3,120162,171791494,1,2492.0,2493.0,1,1
10056,2,134977,143885482,323,127000000,323000000000.0,4,1931,2900,3091400,96,0,UDP,4,3959,233265711,0,2600.0,2600.0,1,0
5027,5,122070,6591780,196,376000000,196000000000.0,9,2373,18420,994680,614,1,TCP,4,317143471,149083253,316,4187.0,4503.0,1,1
29112,5,42671,44463182,159,844000000,160000000000.0,4,1057,8867,9239414,295,1,ICMP,3,30079,44627623,0,2458.0,2458.0,1,0
5657,3,73331,4840674,259,14000000,259000000000.0,3,2400,8113,535554,270,1,TCP,2,12392563,133820350,143,3913.0,4056.0,1,1
11011,4,1212,132212,121,223000000,121000000000.0,7,611,30,2842,0,0,UDP,1,4123,1212,0,0.0,0.0,0,0
29182,5,908,91382,831,244000000,830000000000.0,5,1069,29,2842,0,1,ICMP,1,4932,1312,0,0.0,0.0,0,1
27367,3,704,68992,721,264000000,721000000000.0,5,956,30,2940,1,1,ICMP,2,4870,1312,0,0.0,0.0,0,0
10509,7,1808,86328,4,404000000,4404000000.0,3,18,0,0,0,1,TCP,3,2966,2952,0,0.0,0.0,0,1
30561,7,354,34692,363,182000000,363000000000.0,11,4920,29,2842,0,1,ICMP,2,41829,37320,0,0.0,0.0,0,0
29802,6,34589,36041738,119,475000000,119000000000.0,7,2053,8935,9310270,297,1,ICMP,3,120162,171791494,1,2492.0,2493.0,1,1
10056,2,134977,143885482,323,127000000,323000000000.0,4,1931,2900,3091400,96,0,UDP,4,3959,233265711,0,2600.0,2600.0,1,0
5027,5,122070,6591780,196,376000000,196000000000.0,9,2373,18420,994680,614,1,TCP,4,317143471,149083253,316,4187.0,4503.0,1,1
29112,5,42671,44463182,159,844000000,160000000000.0,4,1057,8867,9239414,295,1,ICMP,3,30079,44627623,0,2458.0,2458.0,1,0
5657,3,73331,4840674,259,14000000,259000000000.0,3,2400,8113,535554,270,1,TCP,2,12392563,133820350,143,3913.0,4056.0,1,1
....
....
....
39996,2,140977,144885482,323,127000000,323000000000.0,4,1931,2900,3091400,96,0,UDP,4,3959,233265711,0,2600.0,2600.0,1,1
39997,5,123070,6691780,196,376000000,196000000000.0,9,2373,18420,994680,614,1,TCP,4,317143471,149083253,316,4187.0,4503.0,1,0
39998,5,42671,44463182,159,844000000,160000000000.0,4,1057,8867,9239414,295,1,ICMP,3,30079,44627623,0,2458.0,2458.0,1,1
39999,3,73331,4840674,259,14000000,259000000000.0,3,2400,8113,535554,270,1,TCP,2,12392563,133820350,143,3913.0,4056.0,1,0
40000,4,1212,132212,121,223000000,121000000000.0,7,611,30,2842,0,0,UDP,1,4123,1212,0,0.0,0.0,0,1