dt,switch,pktcount,bytecount,dur,dur_nsec,tot_dur,flows,packetins,pktperflow,byteperflow,pktrate,Pairflow,Protocol,port_no,tx_bytes,rx_bytes,tx_kbps,rx_kbps,tot_kbps,label
2488,1,0,0,0,0,0,2,4,0,0,0,0,ICMP,4,2668,856,0,0,0,1
6918,3,769,75754,121,238000000,121000000000,3,1931,29,2842,0,0,TCP,3,4425,3413,0,0,0,0
11635,4,39341,9551360,250,423000000,251000000000,5,2790,8324,651552,277,1,TCP,1,231511,9897209,0,0,2,0
29922,5,92938,82781700,417,721000000,417000000000,7,4920,12659,9838564,421,1,UDP,2,135577081,135892103,175,503,3838,1
42935,7,260006,147128002,1881,999000000,1880000000000,12,13797,19190,14953872,639,1,UDP,5,1269981973,990596183,20580,16577,20580,0
29442,7,576,56448,590,171000000,590000000000.0,3,1057,30,2940,1,1,ICMP,4,62818,135522489,0,0.0,0.0,0
4817,5,17267,19022758,38,872000000,38872000000.0,7,1181,13424,14756064,447,1,TCP,3,130955699,5501826,11768,517.0,12285.0,0
4037,3,22742,1501364,81,85000000,81085000000.0,5,22,9364,618036,312,1,TCP,1,55031287,2165698,7843,335.0,8178.0,0
3279,3,79415,84656390,173,968000000,174000000000.0,6,7916,13491,14381406,449,0,UDP,2,5606,483694000,0,3838.0,3838.0,0
32583,4,174,17052,178,483000000,178000000000.0,5,2364,30,2940,1,1,ICMP,2,27523290,26708642,2858,2858.0,5716.0,0
9936,6,48052,50070184,153,464000000,153000000000.0,3,1931,9405,9800010,313,0,UDP,1,3546,1402,0,0.0,0.0,1
27197,6,129993,135452706,461,179000000,461000000000.0,4,948,2338,2436196,77,1,ICMP,2,135519696,59752,635,0.0,635.0,1
7057,1,86142,5686080,294,260000000,294000000000.0,3,11888,8528,562860,284,1,TCP,2,5189,1402,0,0.0,0.0,1
10176,4,122882,128043044,393,441000000,393000000000.0,3,1931,9325,9716650,310,0,UDP,2,3669,1492,0,0.0,0.0,1
2638,7,15246,15886332,47,351000000,47351000000.0,3,2375,9701,10108442,323,0,UDP,2,86743136,3530,6527,0.0,6527.0,1
....
...
..
.
49988,6,1809,1848898,21,82000000,21842000000.0,2,1172,902,823000,341,0,TCP,3,1417,1309,0,0.0,0.0,1
54722,1,912,84720,13,70000000,13000000000.0,3,1817,27,2520,1,1,ICMP,4,1414,1414,0,0,0,0
94547,4,200,20100,20,32000000,2032000000.0,2,4,100,5050,1,1,ICMP,2,4010,4010,0,0,0,1
17894,3,14,140,1,10000000,1010000000.0,2,4,7,70,1,1,ICMP,3,70,70,0,0,0,0
87936,7,4000,40000,50,40000000,5040000000.0,2,4,2000,20000,1,1,ICMP,4,20000,20000,0,0,0,1