dt,switch,pktcount,bytecount,dur,dur_nsec,tot_dur,flows,packetins,pktperflow,byteperflow,pktrate,Pairflow,port_no,tx_bytes,rx_bytes,tx_kbps,rx_kbps,tot_kbps,label
11485,3,117206,124941596,259,462000000,259000000000.0,5,1943,13533,14426178,451,0,UDP,1,4047,143926620,0,0.0,0.0,0,1
11305,4,103519,110351254,229,292000000,229000000000.0,6,1306,13536,14429376,451,0,UDP,3,110830136,3572,3838,0.0,3838.0,1
3099,5,20974,22358284,43,330000000,43330000000.0,2,5882,13393,14276938,446,0,UDP,3,4052,3590,0,0.0,0.0,0,1
6822,5,802,78596,821,631000000,822000000000.0,11,3443,30,2940,1,0,ICMP,5,270475213,131061,2,2.0,4.0,0,1
27107,2,411,40278,421,273000000,421000000000.0,6,948,30,2940,1,1,ICMP,2,4555,1242,0,0.0,0.0,0,1
3009,2,129702,135149484,477,489000000,477000000000.0,2,4440,6077,6332234,202,0,UDP,3,4010,3590,0,0.0,0.0,1,1
10116,6,104310,108691020,333,479000000,333000000000.0,2,1931,9335,9727070,311,0,UDP,2,3444,1242,0,0.0,0.0,1,1
11109,4,129923,7015842,453,649000000,454000000000.0,2,4357,2848,153792,94,1,TCP,4,13993308,168119732,0,40.0,40.0,1,1
11695,4,95541,99553722,320,312000000,320000000000.0,3,1943,8012,8348504,267,0,UDP,1,3747,1562,0,0.0,0.0,1,1
10056,3,134820,143718120,322,102000000,322000000000.0,4,1931,2900,3091400,96,0,UDP,2,4179,233262498,0,2600.0,2600.0,1,1
...
3489,4,3941,384542,99,650000000,99000000000.0,4,1931,13,1202,0,1,TCP,2,4010,3590,0,0.0,0.0,1,0
27962,2,811,79278,821,750000000,821000000000.0,12,3443,30,2940,1,0,ICMP,5,270475213,131061,2,2.0,4.0,0,0
3319,3,129712,135119484,477,879000000,477000000000.0,2,4440,6077,6332234,202,0,UDP,3,4010,3590,0,0.0,0.0,1,0
10116,6,104310,108691020,333,479000000,333000000000.0,2,1931,9335,9727070,311,0,UDP,2,3444,1242,0,0.0,0.0,1,0
11109,4,129923,7015842,453,649000000,454000000000.0,2,4357,2848,153792,94,1,TCP,4,13993308,168119732,0,40.0,40.0,1,0
11695,4,95541,99553722,320,312000000,320000000000.0,3,1943,8012,8348504,267,0,UDP,1,3747,1562,0,0.0,0.0,1,0
10056,3,134820,143718120,322,102000000,322000000000.0,4,1931,2900,3091400,96,0,UDP,2,4179,233262498,0,2600.0,2600.0,1,0